0. 29.590017825311918
0.13671875000000044 29.590017825311918
0.29296875000000044 88.05704099821745
0.42968750000000044 131.9073083778966
0.5859375000000004 166.84491978609623
0.7421875000000004 182.88770053475935
0.8984375000000004 186.09625668449198
1.0351562500000004 184.31372549019608
1.1914062500000004 180.39215686274508
1.3281250000000004 173.97504456327985
1.4843750000000004 160.07130124777183
1.6406250000000004 151.1586452762923
1.7968750000000004 133.68983957219248
2.0898437500000004 118.00356506238856
2.2265625000000004 105.52584670231727
2.3828125000000004 99.8217468805704
2.5390625000000004 91.97860962566844
2.6953125000000004 87.34402852049908
2.8515625000000004 75.22281639928696
2.9882812500000004 70.94474153297679
3.1445312500000004 67.73618538324419
3.3007812500000004 60.96256684491976
3.4179687499999996 55.61497326203204
3.5937500000000004 51.6934046345811
3.7500000000000004 49.91087344028517
3.4179687499999996 55.61497326203204
1.9335937500000004 127.62923351158645
3.8867187500000004 46.70231729055254
4.042968750000002 43.137254901960745
4.19921875 39.57219251336895
4.3359375 37.43315508021388
4.4921875 36.720142602495514
4.6484375 32.44206773618535
4.8046875 29.23351158645272
4.9609375 29.23351158645272
5.09765625 26.38146167557929
5.25390625 26.02495543672009
5.390625 23.885918003565052
5.546875 22.103386809269125
5.703125 21.39037433155076
5.83984375 18.894830659536495
5.9765625 18.538324420677327
6.15234375 17.468805704099793
6.30859375 16.042780748663063
6.4599609375 14.616755793226332
6.6015625 14.616755793226332
6.7578125 13.547237076648798
6.875 12.477718360071265
7.05078125 12.834224598930405
7.1875 10.695187165775337
7.34375 11.408199643493731
7.48046875 9.625668449197804
7.65625 9.269162210338663
7.83203125 8.199643493761073
8.046875 8.199643493761073
8.3984375 7.843137254901933
8.7109375 5.704099821746809
9.27734375 4.634581105169332
9.74609375 3.921568627450938
10.1953125 3.921568627450938
10.76171875 3.565062388591741
11.425781249999998 2.4955436720142643
12.40234375 1.4260249554366737
13.515625 1.4260249554366737
14.62890625 1.0695187165774769
14.82421875 1.0695187165774769
