47.06004140786749 7.071428571428569
142.51082251082252 4.987012987012985
235.14210427253906 3.720779220779219
332.17955957086394 3.0584415584415563
424.8955392433653 2.668831168831167
520.5119518162996 2.298701298701296
611.7993600602297 2.123376623376622
708.8857519292303 1.9675324675324646
801.6261998870694 1.8311688311688297
895.819687558818 1.7337662337662323
991.4718614718615 1.7337662337662323
1084.2160737812912 1.636363636363635
1178.4095614530397 1.5389610389610375
1274.0579710144928 1.4999999999999964
1368.2608695652175 1.4999999999999964
