50.27932960893855 9.307783425043056
144.1340782122905 7.156466585458061
236.3128491620111 6.027722938631496
331.84357541899436 5.350073507791827
425.6983240223464 4.68747847271811
519.5530726256984 4.3707480992985275
615.0837988826815 4.08407611206788
707.2625698324023 3.9177384802789117
801.1173184357542 3.67619607678414
896.6480446927374 3.6150879993279297
992.1787709497207 3.478791951946908
1084.3575418994415 3.2071911622632
1178.2122905027934 3.2513630444827175
1275.418994413408 3.1601629772755935
1369.27374301676 2.9938085437056348
