0.1 11933.8
0.1149 10094.718389887912
0.1298 8651.191718281183
0.1447 7491.261095988121
0.15960000000000002 6539.691549584338
0.1745 5744.225851739591
0.1894 5073.2896629046745
0.2043 4503.757650911987
0.2192 4017.4804247408324
0.2341 3600.813708258032
0.249 3242.012284811096
0.2639 2930.6800418027187
0.27880000000000005 2659.1073320394635
0.2937 2420.845099300298
0.3086 2211.1662651342494
0.3235 2026.1420944038514
0.33840000000000003 1862.3053173852743
0.35330000000000006 1716.6609124906536
0.36819999999999997 1586.3798274973349
0.3831 1469.4164452907683
0.398 1363.989848032343
0.41290000000000004 1268.4646171543532
0.42780000000000007 1181.7995192163457
0.4427 1103.1051934900402
0.4576 1031.50638286467
0.47250000000000003 966.2578518710312
0.48740000000000006 906.6845235324996
0.5023 852.1120251093232
0.5172 801.9301435484447
0.5321 755.7341562607954
0.547 713.1603951198593
0.5619000000000001 673.8451919991203
0.5768 637.4459109049635
0.5917 603.7118415940828
0.6066 572.4173819041629
0.6214999999999999 543.3369302654539
0.6364 516.2456814502535
0.6513000000000001 490.95727001103637
0.6662 467.3400844044403
0.6811 445.2667007947774
0.696 424.60969534636087
0.7109 405.2417133100188
0.7258 387.0504288925283
0.7407 369.9572377610433
0.7556 353.8881278901923
0.7705 338.76908725460385
0.7854 324.526103828906
0.8003 311.08549229736445
0.8152 298.38621796270616
0.8301 286.383650735078
0.845 275.03425396052575
0.8599 264.2944909850954
0.8748 254.12082515483294
0.8897 244.4697198157843
0.9046 235.30011534288303
0.9195 226.58451559202302
0.9344 218.3000432205086
0.9493 210.42382476252408
0.9642000000000001 202.93298675225375
0.9791 195.8046557238821
0.994 189.0159582115933
1.0089 182.54430314184089
1.0238 176.37137011937463
1.0387000000000002 170.4821496250412
1.0536 164.86171866367644
1.0685 159.49515424011605
1.0834 154.36753335919576
1.0983 149.46393302575126
1.1132000000000002 144.76943024461838
1.1281000000000003 140.2691891858091
1.143 135.951581765101
1.1579000000000002 131.80904519421145
1.1728 127.83427838353336
1.1877000000000002 124.01998024345936
1.2026000000000003 120.35884968438225
1.2175 116.84358561669487
1.2324000000000002 113.46688695078974
1.2473 110.22145259705977
1.2622000000000002 107.09998637506492
1.2771000000000001 104.09599599913048
1.292 101.20467844436175
1.3069000000000002 98.4214439117781
1.3218 95.74170260239896
1.3367000000000002 93.16086471724367
1.3516000000000001 90.67434045733165
1.3665 88.27754002368228
1.3814000000000002 85.96587361731488
1.3963 83.73475143924891
1.4112000000000002 81.57958369050368
1.4261000000000001 79.49606996349452
1.441 77.48141548313625
1.4559000000000002 75.5333135816494
1.4708 73.6494578440092
1.4857000000000002 71.82754185519074
1.5006000000000002 70.0652592001692
1.5155 68.36030346391968
1.5304000000000002 66.7103682314173
1.5453000000000001 65.11314708763729
1.5602 63.5663336175547
1.5751000000000002 62.06762140614468
1.59 60.61471091722481
1.6049000000000002 59.2056899528
1.6198000000000001 57.839232526546105
1.6347 56.51406145924504
1.6496000000000002 55.22889957167873
1.6645 53.98246968462915
1.6794000000000002 52.7734946188782
1.6943000000000001 51.600697195207864
1.7092 50.462800234400056
1.7241000000000002 49.3585265572367
1.739 48.286598984499776
1.7539000000000002 47.24574033697118
1.7688000000000001 46.23467343543289
1.7837 45.25212508234614
1.7986000000000002 44.2970176840119
1.8135000000000001 43.36855425579817
1.8284000000000002 42.46595949290004
1.8433 41.58845809051265
1.8582 40.73527474383108
1.8731000000000002 39.905634148050446
1.8880000000000001 39.098760998365876
1.9029000000000003 38.31387998997247
1.9178 37.55021581806537
1.9327 36.80699317783963
1.9476000000000002 36.0834367644904
1.9625000000000001 35.3787712732128
1.9774000000000003 34.69222139920191
1.9923 34.02301183765288
2.0072 33.37040044938582
2.0221 32.733891269106216
2.037 32.1130990832143
2.0519000000000003 31.507639209497466
2.0667999999999997 30.917126965743176
2.0817 30.341177669738773
2.0966 29.77940663927172
2.1115 29.23142919212941
2.1264000000000003 28.696860646099246
2.1413 28.17531631896866
2.1562000000000006 27.66641152852504
2.1711 27.16976159255584
2.186 26.68498182884843
2.2009000000000003 26.211687555190217
2.2158 25.749494089368643
2.2307000000000006 25.298016749171094
2.2456 24.85687333603041
2.2605 24.425750043852613
2.2754000000000003 24.0044083751789
2.2903000000000002 23.59261370345338
2.3052000000000006 23.190131402120116
2.3201 22.796726844623233
2.335 22.412165404406785
2.3499000000000003 22.036212454914857
2.3648000000000002 21.66863336959156
2.3797 21.309193521880974
2.3946 20.957658285227183
2.4095 20.613793033074277
2.4244000000000003 20.277363138866335
2.4393000000000002 19.94813397604746
2.4542 19.625870918061736
2.4691 19.310339338353245
2.484 19.00130461036608
2.4989000000000003 18.69853210754432
2.5138000000000003 18.4017872501758
2.5287 18.110867654282924
2.5436 17.825659239222436
2.5585 17.546062928824572
2.5734000000000004 17.27197964691955
2.5883000000000003 17.00331031733763
2.6032 16.739955863909024
2.6181 16.481817210463973
2.633 16.228795280832706
2.6479000000000004 15.98079099884545
2.6628000000000003 15.73770528833245
2.6777 15.499439073123934
2.6926 15.265893277050132
2.7075 15.03696882394128
2.7224000000000004 14.812566637627603
2.7373000000000003 14.592587641939343
2.7522 14.376932760706731
2.7671 14.165502917759998
2.782 13.958199036929372
2.7969000000000004 13.754922042045088
2.8118000000000003 13.555572856937385
2.8267 13.360053160572459
2.8416 13.16827810267044
2.8565 12.980174439424054
2.8714000000000004 12.795669306710366
2.8863000000000003 12.614689840406447
2.9012000000000002 12.437163176389365
2.9161 12.263016450536181
2.931 12.092176798723967
2.9459 11.924571356829787
2.9608000000000003 11.760127260730705
2.9757000000000002 11.598771646303796
2.9906 11.440431649426122
3.0055 11.28503440597475
3.0204 11.132507051826748
3.0353000000000003 10.982776722859176
3.0502000000000002 10.835770554949113
3.0651 10.691415683973618
3.08 10.549639245809761
3.0949 10.410368376334606
3.1098000000000003 10.273530211425218
3.1247000000000003 10.139051886958672
3.1396 10.00686053881203
3.1545 9.876883302862359
3.1694 9.749048052148614
3.1843000000000004 9.623301641932745
3.1992000000000003 9.49961110946949
3.2141 9.377944469412009
3.229 9.258269736413467
3.2439 9.140554925127029
3.2588000000000004 9.024768050205857
3.2737000000000003 8.91087712630312
3.2886 8.79885016807198
3.3035 8.6886551901656
3.3184 8.580260207237146
3.3333000000000004 8.473633233939777
3.3482000000000003 8.368742284926666
3.3631 8.265555374850972
3.378 8.164040518365864
3.3929 8.0641657301245
3.4078000000000004 7.965899024780045
3.4227000000000003 7.869208416985669
3.4376 7.774061921394532
3.4525 7.6804275526598
3.4674 7.588273325434636
3.4823000000000004 7.497567254372202
3.4972000000000003 7.4082773541256675
3.5120999999999998 7.320371639348197
3.527 7.233818124692947
3.5419 7.14858482481309
3.5568000000000004 7.0646402226592215
3.5717000000000003 6.981960275590308
3.5866 6.900526943550333
3.6015 6.820322355971325
3.6164 6.741328642285329
3.6313000000000004 6.663527931924376
3.6462000000000003 6.586902354320508
3.6611 6.511434038905761
3.676 6.437105115112165
3.6909 6.363897712371763
3.7058000000000004 6.291793960116588
3.7207000000000003 6.220775987778681
3.7356 6.150825924790078
3.7505 6.081925900582809
3.7654 6.014058044588918
3.7803000000000004 5.9472044862404365
3.7952000000000004 5.881347354969406
3.8101 5.816468780207861
3.825 5.752550891387836
3.8399 5.689575817941371
3.8548000000000004 5.627525689300499
3.8697000000000004 5.566382634897261
3.8846 5.506128784163693
3.8995 5.446746266531825
3.9144 5.388217211433702
3.9293000000000005 5.330523748301355
3.9442000000000004 5.273648006566824
3.9591 5.217572115662147
3.974 5.162278205019355
3.9889 5.107748590955931
4.0038 5.053969448728072
4.0187 5.000930583126288
4.0336 4.948621939891616
4.0485 4.897033464765095
4.0634 4.846155103487763
4.0783000000000005 4.795976801800656
4.0932 4.746488505444816
4.108099999999999 4.697680160161284
4.122999999999999 4.64954171169109
4.1379 4.602063105775275
4.1528 4.55523428815488
4.1677 4.509045204570942
4.1826 4.4634858007644995
4.1975 4.4185460224765905
4.212400000000001 4.37421581544825
4.2273 4.330485125420524
4.2421999999999995 4.287343898134443
4.2571 4.244782079331047
4.271999999999999 4.20278961475138
4.2869 4.16135645013647
4.3018 4.120472531227365
4.316699999999999 4.0801278037651
4.3316 4.040312213490709
4.3465 4.001015706145235
4.361400000000001 3.962228227469713
4.3763 3.923939723205188
4.3911999999999995 3.886140139092691
4.4061 3.8488194208732605
4.420999999999999 3.8119675142879412
4.4359 3.775574365077763
4.4508 3.73962991898377
4.465699999999999 3.704124121747001
4.4806 3.669047606371392
4.4955 3.6343944388424902
4.510400000000001 3.600159754891968
4.5253 3.5663386905995775
4.5402 3.5329263820450567
4.5551 3.4999179653081502
4.569999999999999 3.4673085764686093
4.5849 3.435093351606171
4.5998 3.4032674268005865
4.614699999999999 3.3718259381315994
4.6296 3.3407640216789503
4.6445 3.3100768135223886
4.6594 3.279759449741658
4.6743 3.249807066416503
4.6892 3.2202147996266692
4.7041 3.1909777854518984
4.718999999999999 3.162091159971942
4.7339 3.1335500592665375
4.7488 3.105349619415435
4.763699999999999 3.0774849764983787
4.7786 3.049951266595109
4.7935 3.022743625785376
4.8084 2.9958571901489233
4.8233 2.9692870957654947
4.8382 2.9430284787148353
4.8531 2.917076475076689
4.867999999999999 2.8914262209308053
4.8829 2.866072852356922
4.8978 2.84101150543479
4.912699999999999 2.8162373162441527
4.9276 2.7917454208647516
4.9425 2.7675309553763356
4.9574 2.743589055858648
4.9723 2.7199148583914337
4.9872 2.6965034990544376
5.0021 2.673350113927404
5.0169999999999995 2.650449854653459
5.0319 2.6277987492282358
5.0468 2.6053941519510766
5.061699999999999 2.5832335275473794
5.0766 2.5613143407425407
5.0915 2.5396340562619626
5.1064 2.518190138831043
5.1213 2.4969800531751805
5.1362 2.476001264019775
5.1511 2.4552512360902248
5.1659999999999995 2.4347274341119296
5.1809 2.4144273228102864
5.1958 2.394348366910697
5.210699999999999 2.3744880311385606
5.2256 2.354843780219272
5.2405 2.3354130788782346
5.2554 2.3161933918408457
5.2703 2.2971821838325046
5.2852 2.2783769195786103
5.3001 2.2597750638045615
5.3149999999999995 2.241374081235757
5.3299 2.223171436597596
5.3448 2.2051645946154785
5.359699999999999 2.1873510200148036
5.3746 2.1697281775209674
5.3895 2.152293531859372
5.4044 2.135044547755416
5.4193 2.117978689934497
5.4342 2.1010934231220153
5.4491 2.0843862120433694
5.4639999999999995 2.067854521423958
5.4789 2.05149581598918
5.4938 2.0353075604644353
5.508699999999999 2.019287219575124
5.5236 2.0034322580466415
5.5385 1.98774014060439
5.5534 1.9722083319737673
5.5683 1.9568342968801726
5.5832 1.941615500049005
5.5981 1.9265494062056634
5.6129999999999995 1.9116334800755466
5.6279 1.8968651918883206
5.6428 1.8822424308856003
5.657699999999999 1.8677637927169093
5.6726 1.85342794097747
5.6875 1.839233539262511
5.7024 1.8251792511672564
5.7173 1.8112637402869316
5.7322 1.7974856702167623
5.7471 1.7838437045519737
5.762 1.7703365068877912
5.7769 1.7569627408194397
5.791799999999999 1.7437210699421466
5.806699999999999 1.7306101578511353
5.8216 1.717628668141631
5.8365 1.7047752644088607
5.8514 1.6920486102480494
5.8663 1.679447369254422
5.8812 1.6669702050232043
5.8961 1.6546157811496214
5.911 1.6423827612288988
5.9259 1.6302698088562615
5.940799999999999 1.6182755876269366
5.955699999999999 1.6063987611361479
5.9706 1.5946379929791203
5.9855 1.5829919467510811
6.0004 1.5714592860472547
6.0153 1.5600386744628667
6.0302 1.5487287755931425
6.0451 1.5375282530333072
6.06 1.5264357703785867
6.0749 1.5154499912242054
6.089799999999999 1.5045695791653908
6.104699999999999 1.4937931977973666
6.1196 1.4831195107153579
6.1345 1.4725471815145914
6.1494 1.462074873790292
6.1643 1.4517012511376852
6.1792 1.4414249771519965
6.1941 1.4312447154284509
6.209 1.421159129562274
6.2239 1.411166883148691
6.2387999999999995 1.4012666397829285
6.253699999999999 1.3914570630602108
6.2686 1.3817368165757626
6.2835 1.372104563924811
6.2984 1.3625589687025808
6.3133 1.3530986961337876
6.3282 1.3437226119324148
6.3431 1.3344299729914841
6.358 1.3252200814000954
6.3729000000000005 1.316092239247348
6.3877999999999995 1.3070457486223435
6.402699999999999 1.2980799116141801
6.4176 1.2891940303119578
6.432499999999999 1.280387406804778
6.4474 1.2716593431817382
6.4623 1.2630091415319404
6.4772 1.2544361039444836
6.4921 1.2459395325084675
6.507 1.2375187293129923
6.5219000000000005 1.2291729964471574
6.5367999999999995 1.220901636000064
6.551699999999999 1.2127039500608103
6.5666 1.2045792407184965
6.581499999999999 1.196526810062224
6.5964 1.1885459601810904
6.6113 1.1806359931641972
6.6262 1.172796211100644
6.6411 1.1650259160795304
6.656 1.1573244101899562
6.6709000000000005 1.149690995521021
6.6857999999999995 1.142124974161826
6.700699999999999 1.1346256482014698
6.7156 1.127192319729052
6.730499999999999 1.1198242908336742
6.7454 1.1125208636044344
6.7603 1.1052813401304333
6.7752 1.0981050225007711
6.7901 1.0909912128045471
6.805 1.0839392131308616
6.8199000000000005 1.0769483255688137
6.8347999999999995 1.0700178522075048
6.8496999999999995 1.0631470951360331
6.8646 1.0563353564434992
6.879499999999999 1.0495819382190035
6.8944 1.0428861425516447
6.9093 1.0362472715305235
6.924199999999999 1.02966462724474
6.9391 1.0231375117833932
6.954 1.0166652272355834
6.9689000000000005 1.0102470756904105
6.9838 1.003882359236975
6.9986999999999995 0.9975703799643758
7.0136 0.9913104399617126
7.028499999999999 0.9851018413180868
7.0434 0.9789438861225963
7.0583 0.9728358764643426
7.073199999999999 0.9667771144324251
7.0881 0.9607669128821389
7.103 0.9548047612738781
7.117900000000001 0.9488902934161333
7.1328 0.9430231473498143
7.1476999999999995 0.9372029611158296
7.1626 0.9314293727550882
7.177499999999999 0.9257020203085002
7.1924 0.9200205418169738
7.2073 0.9143845753214189
7.222199999999999 0.9087937588627447
7.2371 0.9032477304818596
7.252 0.8977461282196736
7.266900000000001 0.8922885901170952
7.2818 0.8868747542150347
7.2966999999999995 0.8815042585544003
7.3116 0.876176741176101
7.326499999999999 0.8708918401210473
7.3414 0.8656491934301467
7.3563 0.8604484391443097
7.371199999999999 0.8552892153044451
7.3861 0.8501711599514616
7.401 0.8450939111262691
7.415900000000001 0.8400571068697761
7.4308 0.8350603852228927
7.4456999999999995 0.8301033842265274
7.4606 0.8251857419215892
7.475499999999999 0.8203070963489882
7.4904 0.8154670855496324
7.5053 0.810665347564432
7.520199999999999 0.8059015204342961
7.5351 0.8011752422001329
7.55 0.7964861509028526
7.564900000000001 0.7918338845833638
7.5798 0.7872180812825764
7.5947 0.782638379041399
7.6096 0.7780944159007406
7.624499999999999 0.7735858299015113
7.6394 0.769112259084619
7.6543 0.764673341490974
7.669199999999999 0.7602687151614853
7.6841 0.7558980181370613
7.699 0.751560888458612
7.7139 0.7472569641670465
7.7288 0.7429858833032736
7.7437 0.7387472839082029
7.7586 0.734540804022743
7.773499999999999 0.7303660816878041
7.7884 0.7262227549442943
7.8033 0.7221104618331234
7.818199999999999 0.7180288403952009
7.8331 0.7139775286714347
7.848 0.7099561647027354
7.8629 0.7059643865300115
7.8778 0.7020018321941723
7.8927 0.698068139736127
7.9076 0.6941629471967845
7.922499999999999 0.6902858926170548
7.9374 0.6864366140378462
7.9523 0.6826147561338092
7.967199999999999 0.6788200612741144
7.9821 0.6750523462404505
7.997 0.6713114296834118
8.0119 0.6675971302535916
8.0268 0.6639092666015839
8.0417 0.6602476573779815
8.056600000000001 0.6566121212333785
8.0715 0.653002476818369
8.086400000000001 0.6494185427835456
8.1013 0.6458601377795027
8.1162 0.6423270804568336
8.1311 0.6388191894661315
8.145999999999999 0.6353362834579906
8.1609 0.631878181083004
8.1758 0.6284447009917654
8.1907 0.6250356618348689
8.2056 0.6216508822629074
8.2205 0.6182901809264753
8.2354 0.6149533764761652
8.2503 0.6116402875625717
8.2652 0.6083507328362874
8.2801 0.6050845309479069
8.295 0.6018415005480229
8.309899999999999 0.5986214602872297
8.324800000000002 0.5954242288161199
8.3397 0.5922496247852885
8.3546 0.5890974668453284
8.3695 0.5859675736468328
8.3844 0.5828597638403961
8.3993 0.5797738560766109
8.414200000000001 0.5767096690060716
8.4291 0.5736670212793717
8.443999999999999 0.5706457315471049
8.4589 0.5676456184598639
8.4738 0.5646665006682432
8.4887 0.5617081968228363
8.5036 0.5587705255742365
8.5185 0.5558533055730377
8.533399999999999 0.5529563554698333
8.548300000000001 0.5500794939152165
8.5632 0.5472225395597817
8.5781 0.5443853110541222
8.593 0.5415676270488312
8.607899999999999 0.538769306194503
8.622800000000002 0.5359901671417301
8.6377 0.5332300285411073
8.6526 0.5304887090432279
8.6675 0.5277660272986848
8.6824 0.5250618019580726
8.6973 0.5223758516719839
8.712200000000001 0.5197079950910128
8.7271 0.5170580508657532
8.741999999999999 0.5144258376467983
8.7569 0.5118111740847415
8.7718 0.5092138788301767
8.7867 0.5066337705336976
8.8016 0.5040706678458975
8.8165 0.5015243894173704
8.831399999999999 0.4989947538987096
8.846300000000001 0.49648157994050823
8.8612 0.4939846861933609
8.8761 0.49150389130786065
8.891 0.4890390139346009
8.905899999999999 0.4865898727241757
8.920800000000002 0.4841562889741475
8.9357 0.48173813120096326
8.9506 0.47933530860510637
8.9655 0.4769477317179638
8.9804 0.4745753110709234
8.9953 0.4722179571953718
9.010200000000001 0.46987558062269663
9.0251 0.4675480918842853
9.04 0.46523540151152487
9.0549 0.46293742003580224
9.0698 0.460654057988505
9.0847 0.45838522590102065
9.0996 0.45613083430473594
9.1145 0.4538907937310386
9.129399999999999 0.4516650147113156
9.144300000000001 0.4494534077769537
9.1592 0.4472558834593412
9.1741 0.4450723522898648
9.189 0.4429027247999115
9.203899999999999 0.4407469115208691
9.2188 0.4386048229841243
9.2337 0.4364763697210646
9.2486 0.4343614622630776
9.2635 0.4322600111415499
9.2784 0.4301719268878693
9.2933 0.42809712003342265
9.308200000000001 0.4260355011095973
9.3231 0.4239869806477809
9.338 0.42195146917936033
9.3529 0.4199288772357226
9.3678 0.41791911534825527
9.3827 0.4159220940483458
9.3976 0.4139377238673809
9.4125 0.4119659153367484
9.427399999999999 0.4100065789878353
9.442300000000001 0.4080596253520284
9.4572 0.40612496496071576
9.4721 0.40420250834528426
9.487 0.40229216603712087
9.5019 0.4003938485676134
9.5168 0.3985074664681485
9.5317 0.39663293027011376
9.5466 0.3947701505048966
9.561499999999999 0.39291903770388403
9.5764 0.3910795023984632
9.5913 0.3892514551200214
9.606200000000001 0.38743480639994604
9.6211 0.3856294667696245
9.636 0.38383534676044384
9.6509 0.3820523569037911
9.6658 0.38028040773105365
9.6807 0.37851940977361914
9.6956 0.37676927356287426
9.7105 0.37502990963020666
9.725399999999999 0.3733012285070035
9.740300000000001 0.3715831407246515
9.7552 0.3698755568145388
9.7701 0.36817838730805225
9.785 0.36649154273657886
9.7999 0.3648149336315063
9.8148 0.3631484705242214
9.8297 0.3614920639461116
9.8446 0.3598456244285644
9.859499999999999 0.3582090625029668
9.8744 0.35658228870070596
9.8893 0.3549652135531691
9.904200000000001 0.35335774759174376
9.9191 0.35175980134781715
9.934 0.35017128535277653
9.9489 0.3485921101380087
9.9638 0.34702218623490133
9.9787 0.3454614241748417
9.9936 0.3439097344892168
10.0085 0.3423670289775022
10.023399999999999 0.3408332408237943
10.038300000000001 0.33930832100108277
10.0532 0.33779222102365136
10.0681 0.33628489240578263
10.083 0.3347862866617595
10.0979 0.3332963553058654
10.1128 0.3318150498523829
10.1277 0.33034232181559525
10.1426 0.32887812270978567
10.157499999999999 0.32742240404923695
10.1724 0.3259751173482319
10.1873 0.32453621412105393
10.2022 0.323105645881986
10.2171 0.3216833641453109
10.232 0.320269320425312
10.2469 0.31886346623627193
10.261800000000001 0.31746575309247393
10.2767 0.31607613250820116
10.2916 0.3146945559977364
10.3065 0.31332097507536283
10.321399999999999 0.31195534125536345
10.336300000000001 0.3105976060520209
10.3512 0.30924772097961895
10.3661 0.30790563755244016
10.381 0.30657130728476745
10.3959 0.30524468169088415
10.4108 0.30392571228507304
10.4257 0.30261435058161723
10.4406 0.3013105480947999
10.455499999999999 0.3000142563389039
10.4704 0.2987254268282122
10.4853 0.29744401107700785
10.5002 0.2961699605995741
10.5151 0.2949032269101937
10.53 0.2936437615231499
10.5449 0.29239151595272544
10.559800000000001 0.29114644171320353
10.5747 0.28990849031886734
10.5896 0.28867761328399955
10.6045 0.28745376212288354
10.619399999999999 0.2862368883498021
10.634300000000001 0.28502694347903806
10.6492 0.28382387902487494
10.6641 0.28262764650159555
10.679 0.28143819742348275
10.6939 0.2802554833048198
10.7088 0.27907945565988945
10.723700000000001 0.27791006600297496
10.7386 0.2767472658483594
10.753499999999999 0.27559100671032566
10.7684 0.2744412401031566
10.7833 0.27329791754113547
10.7982 0.2721609905385454
10.8131 0.2710304106096691
10.828 0.26990612926878993
10.842899999999998 0.26878809803019066
10.857800000000001 0.26767626840815417
10.8727 0.266570591916964
10.8876 0.26547102007090273
10.9025 0.26437750438425367
10.917399999999999 0.2632899963712997
10.932300000000001 0.26220844754632355
10.9472 0.26113280942360884
10.9621 0.2600630335174383
10.977 0.2589990713420948
10.9919 0.2579408744118617
11.0068 0.25688839424102167
11.021700000000001 0.2558415823438579
11.0366 0.25480039023465356
11.051499999999999 0.2537647694276915
11.0664 0.2527346714372547
11.0813 0.2517100477776262
11.0962 0.2506908499630892
11.1111 0.24967702950792653
11.126 0.2486685379264214
11.140899999999998 0.24766532673285674
11.155800000000001 0.2466673474415153
11.1707 0.2456745515666806
11.1856 0.24468689062263527
11.2005 0.24370431612366264
11.215399999999999 0.2427267795840456
11.230300000000002 0.24175423392093062
11.2452 0.2407866469849765
11.2601 0.23982399564635185
11.275 0.23886625690018715
11.2899 0.23791340774161324
11.3048 0.23696542516576055
11.319700000000001 0.2360222861677598
11.3346 0.23508396774274176
11.349499999999999 0.2341504468858369
11.3644 0.23322170059217576
11.3793 0.23229770585688905
11.3942 0.23137843967510754
11.4091 0.23046387904196164
11.424 0.22955400095258216
11.438899999999999 0.22864878240209963
11.453800000000001 0.22774820038564447
11.4687 0.22685223189834772
11.4836 0.22596085393533982
11.4985 0.22507404349175125
11.513399999999999 0.22419177756271286
11.528300000000002 0.223314033143355
11.5432 0.22244078722880864
11.5581 0.22157201681420424
11.573 0.22070769889467234
11.5879 0.21984781046534377
11.6028 0.2189923285213489
11.617700000000001 0.2181412300578185
11.6326 0.21729449206988327
11.647499999999999 0.21645209155267378
11.6624 0.2156140055013205
11.6773 0.21478021091095423
11.6922 0.2139506847767056
11.7071 0.21312540409370512
11.722 0.21230434585708355
11.736899999999999 0.21148748706197146
11.751800000000001 0.21067480470349925
11.7667 0.20986627577679795
11.7816 0.20906187727699801
11.7965 0.20826158619922994
11.811399999999999 0.20746537953862457
11.826300000000002 0.2066732342903122
11.8412 0.2058851274494239
11.8561 0.20510103601109003
11.871 0.20432093697044118
11.8859 0.20354480732260816
11.9008 0.20277262406272137
11.915700000000001 0.20200436418591156
11.9306 0.20124000468730946
11.9455 0.20047952256204554
11.9604 0.1997228948052504
11.9753 0.19897009841205476
11.9902 0.1982211103775893
12.0051 0.19747590769698448
12.02 0.1967344673653711
12.034899999999999 0.19599676637787966
12.049800000000001 0.19526278172964068
12.0647 0.1945324904157851
12.0796 0.1938058694314434
12.0945 0.19308289577174606
12.109399999999999 0.19236354643182393
12.1243 0.19164779840680743
12.1392 0.19093562869182729
12.1541 0.19022701428201422
12.169 0.18952193217249869
12.1839 0.18882035935841146
12.1988 0.18812227283488303
12.213700000000001 0.18742764959704405
12.2286 0.1867364666400253
12.2435 0.18604870095895729
12.2584 0.18536432954897053
12.2733 0.18468332940519577
12.2882 0.1840056775227637
12.3031 0.1833313508968048
12.318 0.18266032652244982
12.332899999999999 0.18199258139482935
12.347800000000001 0.18132809250907383
12.3627 0.18066683686031423
12.3776 0.18000879144368098
12.3925 0.17935393325430465
12.407399999999999 0.17870223928731602
12.4223 0.17805368653784553
12.4372 0.17740825200102395
12.4521 0.17676591267198194
12.467 0.17612664554584995
12.4819 0.1754904276177588
12.4968 0.17485723588283897
12.511700000000001 0.17422704733622107
12.5266 0.17359983897303594
12.5415 0.17297558778841401
12.5564 0.17235427077748589
12.5713 0.1717358649353823
12.5862 0.17112034725723388
12.6011 0.17050769566836488
12.616 0.1698978947082798
12.630899999999999 0.1692909317820136
12.645800000000001 0.16868679430612765
12.6607 0.1680854696971836
12.6756 0.16748694537174277
12.6905 0.16689120874636648
12.7054 0.16629824723761635
12.7203 0.16570804826205363
12.7352 0.16512059923623984
12.7501 0.16453588757673643
12.764999999999999 0.16395390070010482
12.7799 0.1633746260229063
12.7948 0.16279805096170244
12.809700000000001 0.16222416293305464
12.8246 0.16165294935352434
12.8395 0.16108439763967297
12.8544 0.16051849520806188
12.8693 0.15995522947525254
12.8842 0.15939458785780644
12.8991 0.1588365577722849
12.914 0.15828112663524946
12.928899999999999 0.1577282818632615
12.943800000000001 0.1571780108728823
12.9587 0.15663030108067355
12.9736 0.15608513990319656
12.9885 0.15554251475701267
13.0034 0.15500241305868342
13.0183 0.15446482222477018
13.0332 0.15392972967183438
13.0481 0.15339712281643753
13.062999999999999 0.152866989075141
13.0779 0.15233931586450616
13.0928 0.15181409060109446
13.107700000000001 0.15129130070146735
13.1226 0.15077093358218635
13.1375 0.15025297665981277
13.1524 0.14973741735090804
13.167300000000001 0.14922424307203358
13.1822 0.14871344123975092
13.1971 0.14820499927062136
13.212 0.14769890458120644
13.226899999999999 0.1471951445880675
13.241800000000001 0.14669370670776594
13.2567 0.14619457835686334
13.2716 0.145697746951921
13.2865 0.14520319990950037
13.3014 0.14471092464616292
13.3163 0.14422090857846998
13.3312 0.14373313912298305
13.3461 0.1432476036962636
13.360999999999999 0.142764289714873
13.3759 0.14228318459537265
13.3908 0.14180427575432397
13.4057 0.14132755060828853
13.4206 0.14085299657382755
13.4355 0.14038060106750266
13.4504 0.1399103515058751
13.465300000000001 0.1394422353055064
13.4802 0.138976239882958
13.4951 0.13851235265479128
13.51 0.13805056103756774
13.524899999999999 0.13759085244784874
13.539800000000001 0.1371332143021956
13.5547 0.13667763401717
13.5696 0.13622409900933322
13.5845 0.13577259669524666
13.5994 0.13532311449147183
13.6143 0.13487563981457007
13.6292 0.13443016008110287
13.6441 0.13398666270763165
13.658999999999999 0.13354513511071786
13.6739 0.13310556470692284
13.6888 0.13266793891280806
13.7037 0.13223224514493503
13.7186 0.13179847081986504
13.7335 0.13136660335415964
13.748399999999998 0.1309366301643802
13.763300000000001 0.13050853866708803
13.7782 0.1300823162788448
13.7931 0.12965795041621175
13.808 0.12923542849575043
13.822899999999999 0.1288147379340222
13.837800000000001 0.12839586614758838
13.8527 0.1279788005530106
13.8676 0.12756352856685024
13.8825 0.12715003760566862
13.8974 0.12673831508602726
13.9123 0.12632834842448754
13.927200000000001 0.12592012503761088
13.9421 0.12551363234195878
13.956999999999999 0.12510885775409264
13.9719 0.1247057886905738
13.9868 0.12430441256796379
14.0017 0.12390471680282401
14.0166 0.12350668881171584
14.0315 0.12311031601120082
14.046399999999998 0.12271558581784027
14.061300000000001 0.12232248564819556
14.0762 0.12193100291882832
14.0911 0.12154112504629981
14.106 0.12115283944717156
14.120899999999999 0.12076613353800494
14.135800000000001 0.12038099516088818
14.1507 0.11999741618976804
14.1656 0.11961539072241513
14.1805 0.1192349128798814
14.1954 0.11885597678321892
14.2103 0.1184785765534796
14.225200000000001 0.11810270631171546
14.2401 0.11772836017897856
14.254999999999999 0.11735553227632081
14.2699 0.1169842167247942
14.2848 0.11661440764545072
14.2997 0.11624609915934245
14.3146 0.11587928538752125
14.3295 0.11551396045103923
14.344399999999998 0.11515011847094832
14.359300000000001 0.11478775356830043
14.3742 0.11442685986414772
14.389100000000001 0.11406743147954206
14.404 0.1137094625355355
14.418899999999999 0.11335294715318002
14.433800000000002 0.11299787945352752
14.4487 0.11264425355763015
14.4636 0.11229206358653981
14.4785 0.11194130366130847
14.4934 0.11159196790298818
14.5083 0.11124405043263087
14.523200000000001 0.11089754537128857
14.5381 0.11055244684001328
14.552999999999999 0.110208748959857
14.5679 0.10986644585187164
14.5828 0.10952553163710924
14.5977 0.10918600043662183
14.6126 0.10884784637146133
14.6275 0.10851106356267981
14.642399999999999 0.10817564613132921
14.657300000000001 0.10784158819846146
14.6722 0.10750888388512869
14.6871 0.10717752731238281
14.702 0.10684751260127578
14.716899999999999 0.10651883387285968
14.731800000000002 0.10619148524818638
14.7467 0.105865460848308
14.7616 0.10554075479427648
14.7765 0.10521736120714376
14.7914 0.10489527420796191
14.8063 0.10457448791778284
14.821200000000001 0.1042549964576586
14.8361 0.10393679394864118
14.850999999999999 0.10361987451178256
14.8659 0.1033042322681347
14.8808 0.10298986133874961
14.8957 0.10267675584467932
14.9106 0.10236490990697576
14.9255 0.10205431764669097
14.940399999999999 0.10174497318487694
14.955300000000001 0.10143687064258554
14.9702 0.10113000414086895
14.9851 0.10082436780077905
15 0.10051995574336783
