0.1 11842.9
0.1149 10079.969230179526
0.1298 8691.351987794487
0.1447 7561.367994824309
0.15960000000000002 6624.833193316726
0.1745 5838.540909915876
0.1894 5174.548009458881
0.2043 4609.776587141868
0.2192 4125.531419880907
0.2341 3708.6335135410977
0.249 3347.603084422487
0.2639 3032.2597607119687
0.27880000000000005 2755.9213295496215
0.2937 2513.3306862038266
0.3086 2299.83409906477
0.3235 2111.078326981603
0.33840000000000003 1943.400435044192
0.35330000000000006 1793.8485025251462
0.36819999999999997 1659.6703309298132
0.3831 1539.0208372908683
0.398 1430.3614258290024
0.41290000000000004 1332.2138918687199
0.42780000000000007 1243.346025486439
0.4427 1162.588492600534
0.4576 1088.811891899042
0.47250000000000003 1021.2549647146963
0.48740000000000006 959.35509879552
0.5023 902.551626815594
0.5172 850.3185702553645
0.5321 802.241051806688
0.547 757.926390814417
0.5619000000000001 716.9819066234047
0.5768 679.0384319081738
0.5917 643.8295697318866
0.6066 611.116993282047
0.6214999999999999 580.6623764086305
0.6364 552.2283844570504
0.6513000000000001 525.6255426926937
0.6662 500.7325484011685
0.6811 477.4333128249073
0.696 455.61174720634335
0.7109 435.1518033004805
0.7258 415.94624589393794
0.7407 397.9076141540318
0.7556 380.9511401930237
0.7705 364.9920561231753
0.7854 349.9455940567482
0.8003 335.7274533897609
0.8152 322.2714273479072
0.8301 309.5347722131285
0.845 297.47630817848875
0.8599 286.05485543705197
0.8748 275.22923418188213
0.8897 264.9582646060434
0.9046 255.20257480769732
0.9195 245.93269244108004
0.9344 237.1225162775983
0.9493 228.74594791827099
0.9642000000000001 220.77688896411706
0.9791 213.1892410161555
0.994 205.95690567540512
1.0089 199.05419981215334
1.0238 192.46172050208222
1.0387000000000002 186.16493359826268
1.0536 180.1494321907959
1.0685 174.40080936978282
1.0834 168.90465822532457
1.0983 163.64657184752215
1.1132000000000002 158.61214332647668
1.1281000000000003 153.78703231926707
1.143 149.15934819913585
1.1579000000000002 144.720304956057
1.1728 140.46131643607862
1.1877000000000002 136.37379648524862
1.2026000000000003 132.44915894961503
1.2175 128.67881767522593
1.2324000000000002 125.05418650812908
1.2473 121.5666792943726
1.2622000000000002 118.20771766203106
1.2771000000000001 114.96999757555047
1.292 111.84889282058698
1.3069000000000002 108.84011518914956
1.3218 105.93937647324721
1.3367000000000002 103.14238846488882
1.3516000000000001 100.44486295608341
1.3665 97.84251173883992
1.3814000000000002 95.33104660516723
1.3963 92.90617934707439
1.4112000000000002 90.56362175657029
1.4261000000000001 88.29929711348424
1.441 86.1102290169364
1.4559000000000002 83.99379777585807
1.4708 81.94738388389416
1.4857000000000002 79.9683678346895
1.5006000000000002 78.05413012188897
1.5155 76.20205123913743
1.5304000000000002 74.40951168007972
1.5453000000000001 72.67389193836073
1.5602 70.99257250762528
1.5751000000000002 69.36293388151825
1.59 67.78236467620495
1.6049000000000002 66.2487108758429
1.6198000000000001 64.76051066190902
1.6347 63.31635984719263
1.6496000000000002 61.91485424448309
1.6645 60.55458966656982
1.6794000000000002 59.234161926242145
1.6943000000000001 57.95216683628949
1.7092 56.70720020950121
1.7241000000000002 55.49785785866666
1.739 54.32273559657525
1.7539000000000002 53.180429236016316
1.7688000000000001 52.069534589779266
1.7837 50.98865272436011
1.7986000000000002 49.93664279966471
1.8135000000000001 48.912734230861105
1.8284000000000002 47.916185039000055
1.8433 46.94625324513238
1.8582 46.002196870308815
1.8731000000000002 45.08327393558016
1.8880000000000001 44.18874246199722
1.9029000000000003 43.31786047061076
1.9178 42.469885982471595
1.9327 41.644077018630455
1.9476000000000002 40.839691600138146
1.9625000000000001 40.05598774804548
1.9774000000000003 39.2922234834032
1.9923 38.54765682726214
2.0072 37.82157076900301
2.0221 37.11343362696681
2.037 36.42279709753602
2.0519000000000003 35.749213277141365
2.0667999999999997 35.09223426221364
2.0817 34.451412149183504
2.0966 33.826299034481764
2.1115 33.21644701453914
2.1264000000000003 32.62140818578635
2.1413 32.04073464465417
2.1562000000000006 31.47397848757332
2.1711 30.920691810974574
2.186 30.380426711288628
2.2009000000000003 29.852735284946228
2.2158 29.337169628378145
2.2307000000000006 28.833281838015086
2.2456 28.340627455509168
2.2605 27.858856894030247
2.2754000000000003 27.38772503211082
2.2903000000000002 26.926992117857232
2.3052000000000006 26.47641839937577
2.3201 26.03576412477279
2.335 25.604789542154563
2.3499000000000003 25.183254899627407
2.3648000000000002 24.77092044529766
2.3797 24.36754642727162
2.3946 23.972893093655607
2.4095 23.586720692555932
2.4244000000000003 23.208789472078898
2.4393000000000002 22.83885968033084
2.4542 22.47669156541807
2.4691 22.122045375446888
2.484 21.77468135852362
2.4989000000000003 21.434359762754564
2.5138000000000003 21.100840877501483
2.5287 20.77391334701193
2.5436 20.45344358456083
2.5585 20.13931121791061
2.5734000000000004 19.831395874823688
2.5883000000000003 19.529577183062514
2.6032 19.23373477038951
2.6181 18.9437482645671
2.633 18.659497293357717
2.6479000000000004 18.38086148452378
2.6628000000000003 18.10772046582774
2.6777 17.839953865032008
2.6926 17.577441309899026
2.7075 17.32006242819121
2.7224000000000004 17.067696847670994
2.7373000000000003 16.820224196100817
2.7522 16.577524101243096
2.7671 16.339476190860267
2.782 16.10596009271476
2.7969000000000004 15.876855434568993
2.8118000000000003 15.65204184418541
2.8267 15.431400243256459
2.8416 15.214834635692482
2.8565 15.002268913164428
2.8714000000000004 14.79362761793465
2.8863000000000003 14.58883529226551
2.9012000000000002 14.387816478419353
2.9161 14.19049571865854
2.931 13.996797555245417
2.9459 13.806646530442343
2.9608000000000003 13.619967186511662
2.9757000000000002 13.436684065715744
2.9906 13.256721710316931
3.0055 13.080004662577581
3.0204 12.906457464760047
3.0353000000000003 12.736004659126676
3.0502000000000002 12.568570787939832
3.0651 12.404080393461864
3.08 12.242458017955128
3.0949 12.083628203681974
3.1098000000000003 11.927515492904753
3.1247000000000003 11.774044427885826
3.1396 11.623139550887544
3.1545 11.474725404172261
3.1694 11.3287272541884
3.1843000000000004 11.185089015474697
3.1992000000000003 11.04377442931117
3.2141 10.904748197171704
3.229 10.767975020530185
3.2439 10.633419600860499
3.2588000000000004 10.501046639636527
3.2737000000000003 10.370820838332165
3.2886 10.242706898421293
3.3035 10.1166695213778
3.3184 9.99267340867557
3.3333000000000004 9.870683261788486
3.3482000000000003 9.750663782190443
3.3631 9.632579671355321
3.378 9.516395630757009
3.3929 9.40207636186939
3.4078000000000004 9.289586566166351
3.4227000000000003 9.178890945121783
3.4376 9.069954200209565
3.4525 8.96274103290359
3.4674 8.85721614467774
3.4823000000000004 8.753344237005898
3.4972000000000003 8.651090011361957
3.5120999999999998 8.550418169219805
3.527 8.451293412053317
3.5419 8.353680441336389
3.5568000000000004 8.257544409642465
3.5717000000000003 8.162857669461319
3.5866 8.069598355427301
3.6015 7.977744765438486
3.6164 7.8872751973929685
3.6313000000000004 7.798167949188824
3.6462000000000003 7.710401318724143
3.6611 7.62395360389701
3.676 7.5388031026055
3.6909 7.454928112747703
3.7058000000000004 7.372306932221701
3.7207000000000003 7.29091785892558
3.7356 7.210739190757424
3.7505 7.131749225615311
3.7654 7.053926261397331
3.7803000000000004 6.977248596001564
3.7952000000000004 6.901694527326097
3.8101 6.827242353269013
3.825 6.753870371728391
3.8399 6.6815568806023204
3.8548000000000004 6.610280177788881
3.8697000000000004 6.5400185611861605
3.8846 6.470750328692243
3.8995 6.402453778205206
3.9144 6.335107207623138
3.9293000000000005 6.268688914844121
3.9442000000000004 6.203177197766242
3.9591 6.138550354287583
3.974 6.0747866823062235
3.9889 6.011864756028581
4.0038 5.949768855064825
4.0187 5.8884886252566755
4.0336 5.828013920839855
4.0485 5.768334596050087
4.0634 5.709440505123091
4.0783000000000005 5.651321502294586
4.0932 5.593967441800301
4.108099999999999 5.53736817787596
4.122999999999999 5.481513564757275
4.1379 5.426393456679969
4.1528 5.371997707879773
4.1677 5.318316172592402
4.1826 5.26533870505358
4.1975 5.213055159499028
4.212400000000001 5.161455390164466
4.2273 5.110529251285625
4.2421999999999995 5.060266597098216
4.2571 5.010657281837963
4.271999999999999 4.961691159740596
4.2869 4.913358085041825
4.3018 4.865647911977381
4.316699999999999 4.818550494782986
4.3316 4.772055687694353
4.3465 4.726153344947213
4.361400000000001 4.680833320777282
4.3763 4.636085469420291
4.3911999999999995 4.591899645111952
4.4061 4.548265702087988
4.420999999999999 4.505173494584129
4.4359 4.462612876836087
4.4508 4.420573703079591
4.465699999999999 4.379045827550362
4.4806 4.338019699479074
4.4955 4.297488740185729
4.510400000000001 4.257447297118523
4.5253 4.217889718026997
4.5402 4.178810350660682
4.5551 4.140203542769113
4.569999999999999 4.1020636421018315
4.5849 4.064384996408367
4.5998 4.027161953438261
4.614699999999999 3.99038886094105
4.6296 3.9540600666662624
4.6445 3.918169918363442
4.6594 3.8827127637821217
4.6743 3.847682950671838
4.6892 3.813074826782127
4.7041 3.778882739862522
4.718999999999999 3.7451010376625664
4.7339 3.711724067931787
4.7488 3.6787461784197264
4.763699999999999 3.6461617168759206
4.7786 3.613965031049899
4.7935 3.5821504686912045
4.8084 3.5507123775493707
4.8233 3.5196451053739337
4.8382 3.4889429999144292
4.8531 3.458600408920392
4.867999999999999 3.4286116801413633
4.8829 3.3989711613268714
4.8978 3.3696732002264587
4.912699999999999 3.34071214458966
4.9276 3.3120823421660077
4.9425 3.2837781407050413
4.9574 3.255793887956296
4.9723 3.228123931669308
4.9872 3.200762619593613
5.0021 3.1737042994787457
5.0169999999999995 3.1469433360012675
5.0319 3.120475046975102
5.0468 3.0942961927268757
5.061699999999999 3.068403653684657
5.0766 3.04279431027651
5.0915 3.0174650429305085
5.1064 2.992412732074719
5.1213 2.96763425813721
5.1362 2.9431265015460513
5.1511 2.918886342729311
5.1659999999999995 2.8949106621150573
5.1809 2.8711963401313585
5.1958 2.8477402572062855
5.210699999999999 2.8245392937679075
5.2256 2.801590330244289
5.2405 2.7788902470635017
5.2554 2.7564359246536148
5.2703 2.7342242434426955
5.2852 2.712252083858813
5.3001 2.6905163263300365
5.3149999999999995 2.6690138512844346
5.3299 2.647741539150074
5.3448 2.6266962703550263
5.359699999999999 2.605874925327361
5.3746 2.585274384495142
5.3895 2.5648915282864424
5.4044 2.544723237129329
5.4193 2.5247663914518714
5.4342 2.5050178716821376
5.4491 2.485474558248197
5.4639999999999995 2.466133331578118
5.4789 2.4469910720999675
5.4938 2.4280446602418175
5.508699999999999 2.4092909764317367
5.5236 2.3907269010977896
5.5385 2.3723493146680488
5.5534 2.354155097570582
5.5683 2.3361411302334574
5.5832 2.3183042930847444
5.5981 2.3006414665525114
5.6129999999999995 2.2831495310648275
5.6279 2.265825374740675
5.6428 2.24866647116941
5.657699999999999 2.23167128097883
5.6726 2.2148383597348205
5.6875 2.198166263003275
5.7024 2.181653546350082
5.7173 2.165298765341132
5.7322 2.1491004755423146
5.7471 2.1330572325195196
5.762 2.117167591838637
5.7769 2.101430109065556
5.791799999999999 2.085843339766169
5.806699999999999 2.070405839506363
5.8216 2.055116163852028
5.8365 2.039972868369056
5.8514 2.0249745086233357
5.8663 2.010119640180757
5.8812 1.99540681860721
5.8961 1.9808345994685843
5.911 1.96640153833077
5.9259 1.952106190759656
5.940799999999999 1.937947112321135
5.955699999999999 1.923922858581094
5.9706 1.910031985105423
5.9855 1.896273047460014
6.0004 1.8826446012107554
6.0153 1.8691452019235377
6.0302 1.8557734051642503
6.0451 1.8425277664987834
6.06 1.8294068414930267
6.0749 1.8164091857128695
6.089799999999999 1.8035333547242038
6.104699999999999 1.7907779040929173
6.1196 1.7781413893849
6.1345 1.7656223661660433
6.1494 1.753219390002236
6.1643 1.7409310164593683
6.1792 1.7287558011033304
6.1941 1.7166922995000116
6.209 1.7047390672153018
6.2239 1.6928946598150907
6.2387999999999995 1.68115763286527
6.253699999999999 1.6695265419317276
6.2686 1.657999942580353
6.2835 1.646576390377038
6.2984 1.6352544408876717
6.3133 1.6240326513023677
6.3282 1.612909778652499
6.3431 1.601884969884137
6.358 1.5909574169933505
6.3729000000000005 1.5801263119762077
6.3877999999999995 1.56939084682878
6.402699999999999 1.5587502135471345
6.4176 1.5482036041273401
6.432499999999999 1.537750210565468
6.4474 1.5273892248575847
6.4623 1.517119838999761
6.4772 1.5069412449880657
6.4921 1.4968526348185676
6.507 1.486853200487336
6.5219000000000005 1.4769421339904394
6.5367999999999995 1.4671186273239483
6.551699999999999 1.4573818724839305
6.5666 1.4477310614664547
6.581499999999999 1.438165386267592
6.5964 1.4286840388834092
6.6113 1.4192862113099771
6.6262 1.409971095543364
6.6411 1.4007378835796391
6.656 1.3915857674148715
6.6709000000000005 1.3825139390451298
6.6857999999999995 1.3735215904664846
6.700699999999999 1.3646079136750036
6.7156 1.3557721006667556
6.730499999999999 1.3470133434378115
6.7454 1.3383308339842381
6.7603 1.3297237643021063
6.7752 1.3211913263874844
6.7901 1.3127327122364418
6.805 1.3043471138450473
6.8199000000000005 1.2960337232093697
6.8347999999999995 1.2877917323254795
6.8496999999999995 1.2796203331894442
6.8646 1.271518717797333
6.879499999999999 1.2634860781452166
6.8944 1.2555216062291619
6.9093 1.2476244940452395
6.924199999999999 1.2397939335895187
6.9391 1.2320291168580666
6.954 1.2243292358469544
6.9689000000000005 1.21669348255225
6.9838 1.2091210489700237
6.9986999999999995 1.2016111270963434
7.0136 1.194162908927278
7.028499999999999 1.1867755864588982
7.0434 1.1794483516872714
7.0583 1.1721803966084674
7.073199999999999 1.164970913218556
7.0881 1.157819105395636
7.103 1.1507243719266997
7.117900000000001 1.1436862709074327
7.1328 1.1367043651045987
7.1476999999999995 1.129778217284959
7.1626 1.1229073902152766
7.177499999999999 1.1160914466623149
7.1924 1.1093299493928352
7.2073 1.1026224611736015
7.222199999999999 1.095968544771376
7.2371 1.0893677629529206
7.252 1.082819678484999
7.266900000000001 1.076323854134373
7.2818 1.0698798526678064
7.2966999999999995 1.0634872368520607
7.3116 1.0571455694538987
7.326499999999999 1.050854413240084
7.3414 1.044613330977378
7.3563 1.0384218854325442
7.371199999999999 1.0322796393723452
7.3861 1.026186155563543
7.401 1.020140996772901
7.415900000000001 1.0141437257671813
7.4308 1.0081939053131472
7.4456999999999995 1.0022910981775608
7.4606 0.9964348671271845
7.475499999999999 0.9906247749287822
7.4904 0.9848603843491148
7.5053 0.9791412581549463
7.520199999999999 0.9734669591130394
7.5351 0.9678370499901554
7.55 0.9622510935530583
7.564900000000001 0.9567086525685098
7.5798 0.9512092898032738
7.5947 0.9457525680241118
7.6096 0.9403380499977865
7.624499999999999 0.9349652984910615
7.6394 0.9296338762706982
7.6543 0.9243433461034603
7.669199999999999 0.9190932707561102
7.6841 0.91388321299541
7.699 0.9087127355881228
7.7139 0.9035814013010113
7.7288 0.898488772900838
7.7437 0.8934344131543657
7.7586 0.8884178848283566
7.773499999999999 0.8834387506895743
7.7884 0.8784965735047803
7.8033 0.873590916040738
7.818199999999999 0.8687213410642103
7.8331 0.8638874113419588
7.848 0.8590886896407469
7.8629 0.8543247387273372
7.8778 0.8495951213684922
7.8927 0.8448994003309749
7.9076 0.8402371383815472
7.922499999999999 0.8356078982869728
7.9374 0.8310112428140132
7.9523 0.8264467431572577
7.967199999999999 0.8219140946271464
7.9821 0.8174130870713876
7.997 0.8129435127120378
8.0119 0.8085051637711521
8.0268 0.8040978324707868
8.0417 0.7997213110329967
8.056600000000001 0.7953753916798376
8.0715 0.7910598666333659
8.086400000000001 0.7867745281156361
8.1013 0.7825191683487048
8.1162 0.7782935795546272
8.1311 0.7740975539554582
8.145999999999999 0.7699308837732546
8.1609 0.765793361230071
8.1758 0.7616847785479635
8.1907 0.757604927948988
8.2056 0.7535536016551995
8.2205 0.7495305918886542
8.2354 0.7455356908714071
8.2503 0.7415686908255146
8.2652 0.7376293839730313
8.2801 0.733717562536014
8.295 0.729833018736517
8.309899999999999 0.7259755447965971
8.324800000000002 0.7221449329383085
8.3397 0.7183409753837086
8.3546 0.7145634643548521
8.3695 0.7108121920737942
8.3844 0.7070869507625914
8.3993 0.7033875326432983
8.414200000000001 0.6997137299379712
8.4291 0.6960653348686661
8.443999999999999 0.6924421396574378
8.4589 0.688843936526342
8.4738 0.6852705176974345
8.4887 0.6817216753927713
8.5036 0.6781972018344071
8.5185 0.6746968892443986
8.533399999999999 0.6712205298448009
8.548300000000001 0.6677679158576687
8.5632 0.6643388395050592
8.5781 0.6609330930090275
8.593 0.6575504685916285
8.607899999999999 0.6541907584749187
8.622800000000002 0.6508537548809525
8.6377 0.6475392500317871
8.6526 0.6442470361494775
8.6675 0.6409769054560788
8.6824 0.6377286501736472
8.6973 0.6345020625242379
8.712200000000001 0.6312969347299066
8.7271 0.6281130590127093
8.741999999999999 0.6249502275947015
8.7569 0.6218082326979382
8.7718 0.6186868665444755
8.7867 0.6155859213563692
8.8016 0.6125051893556744
8.8165 0.6094444627644474
8.831399999999999 0.6064035338047433
8.846300000000001 0.6033821946986172
8.8612 0.600380237668126
8.8761 0.5973974549353246
8.891 0.5944336387222684
8.905899999999999 0.5914885812510136
8.920800000000002 0.5885620776734896
8.9357 0.5856539754072156
8.9506 0.5827641669020139
8.9655 0.5798925460808558
8.9804 0.5770390068667138
8.9953 0.5742034431825591
9.010200000000001 0.5713857489513635
9.0251 0.5685858180960993
9.04 0.565803544539738
9.0549 0.5630388222052508
9.0698 0.56029154501561
9.0847 0.5575616068937875
9.0996 0.5548489017627546
9.1145 0.5521533235454835
9.129399999999999 0.5494747661649458
9.144300000000001 0.5468131235441126
9.1592 0.5441682896059569
9.1741 0.5415401582734498
9.189 0.5389286234695627
9.203899999999999 0.5363335791172682
9.2188 0.5337549191395372
9.2337 0.5311925374593419
9.2486 0.5286463279996543
9.2635 0.5261161846834456
9.2784 0.5236020014336881
9.2933 0.521103672173353
9.308200000000001 0.5186210908254124
9.3231 0.5161541513128383
9.338 0.5137027475586021
9.3529 0.5112667734856754
9.3678 0.5088461230170302
9.3827 0.5064406900756386
9.3976 0.5040503685844717
9.4125 0.5016750524665018
9.427399999999999 0.49931463564470047
9.442300000000001 0.4969690120420389
9.4572 0.4946380755814899
9.4721 0.4923217201860247
9.487 0.49001983977861485
9.5019 0.48773232828223256
9.5168 0.4854590796198491
9.5317 0.4831999877144365
9.5466 0.48095494648896675
9.561499999999999 0.47872384986641137
9.5764 0.47650659176974186
9.5913 0.47430306612193024
9.606200000000001 0.47211316684594823
9.6211 0.46993678786476795
9.636 0.4677738231013608
9.6509 0.4656241664786983
9.6658 0.46348771191975247
9.6807 0.46136435334749537
9.6956 0.4592539846848982
9.7105 0.4571564998549333
9.725399999999999 0.4550717927805721
9.740300000000001 0.4529997573847858
9.7552 0.4509402875905473
9.7701 0.44889327732082773
9.785 0.44685862049859876
9.7999 0.44483621104683246
9.8148 0.4428259428885003
9.8297 0.4408277099465741
9.8446 0.438841406144026
9.859499999999999 0.4368669254038274
9.8744 0.43490416164894985
9.8893 0.4329530088023654
9.904200000000001 0.43101336078704583
9.9191 0.42908511152596307
9.934 0.4271681549420886
9.9489 0.425262384958394
9.9638 0.42336769549785136
9.9787 0.4214839804834325
9.9936 0.4196111338381089
10.0085 0.41774905097759646
10.023399999999999 0.41589765249075816
10.038300000000001 0.41405687990685164
10.0532 0.4122266753923254
10.0681 0.4104069811136263
10.083 0.4085977392372017
10.0979 0.40679889192949953
10.1128 0.4050103813569668
10.1277 0.4032321496860513
10.1426 0.4014641390832006
10.157499999999999 0.399706291714862
10.1724 0.39795854974748285
10.1873 0.3962208553475107
10.2022 0.3944931506813934
10.2171 0.3927753779155779
10.232 0.39106747921651214
10.2469 0.38936939675064314
10.261800000000001 0.38768107268441865
10.2767 0.3860024491842864
10.2916 0.3843334684166933
10.3065 0.3826740725480874
10.321399999999999 0.38102420374491586
10.336300000000001 0.3793838041736259
10.3512 0.3777528160006656
10.3661 0.37613118139248225
10.381 0.37451884251552303
10.3959 0.3729157415362358
10.4108 0.37132182062106767
10.4257 0.36973702193646635
10.4406 0.36816128764887945
10.455499999999999 0.3665945599247543
10.4704 0.3650367809305382
10.4853 0.36348789283267885
10.5002 0.36194783779762385
10.5151 0.3604165579918203
10.53 0.3588939955817161
10.5449 0.35738009273375837
10.559800000000001 0.3558747916143947
10.5747 0.35437803439007287
10.5896 0.3528897632272399
10.6045 0.3514099202923437
10.619399999999999 0.3499384477518315
10.634300000000001 0.34847528777215053
10.6492 0.34702038251974887
10.6641 0.34557367416107365
10.679 0.34413510486257226
10.6939 0.34270461679069253
10.7088 0.3412821521118815
10.723700000000001 0.33986765299258687
10.7386 0.3384610615992563
10.753499999999999 0.33706232009833714
10.7684 0.33567137065627667
10.7833 0.3342881554395225
10.7982 0.3329126166145223
10.8131 0.33154469634772327
10.828 0.3301843368055732
10.842899999999998 0.3288314801545193
10.857800000000001 0.32748606856100887
10.8727 0.32614804419149
10.8876 0.3248173492124096
10.9025 0.32349392579021563
10.917399999999999 0.32217771609135526
10.932300000000001 0.3208686622822758
10.9472 0.3195667065294252
10.9621 0.31827179099925074
10.977 0.3169838578581997
10.9919 0.3157028492727199
11.0068 0.31442870740925855
11.021700000000001 0.3131613744342632
11.0366 0.31190079251418146
11.051499999999999 0.31064690381546073
11.0664 0.3093996505045483
11.0813 0.30815897474789194
11.0962 0.3069248187119391
11.1111 0.305697124563137
11.126 0.3044758344679335
11.140899999999998 0.3032608905927759
11.155800000000001 0.30205223510411133
11.1707 0.30084981016838797
11.1856 0.29965355795205273
11.2005 0.2984634206215534
11.215399999999999 0.2972793403433375
11.230300000000002 0.29610126092968714
11.2452 0.2949291437128331
11.2601 0.29376296060666557
11.275 0.2926026836716798
11.2899 0.2914482849683714
11.3048 0.29029973655723534
11.319700000000001 0.2891570104987672
11.3346 0.28802007885346237
11.349499999999999 0.28688891368181607
11.3644 0.2857634870443236
11.3793 0.28464377100148025
11.3942 0.2835297376137816
11.4091 0.2824213589417227
11.424 0.28131860704579914
11.438899999999999 0.28022145398650616
11.453800000000001 0.2791298718243388
11.4687 0.27804383261979293
11.4836 0.2769633084333636
11.4985 0.27588827132554605
11.513399999999999 0.27481869335683584
11.528300000000002 0.2737545465877279
11.5432 0.27269580307871816
11.5581 0.27164243489030165
11.573 0.2705944140829735
11.5879 0.2695517127172295
11.6028 0.26851430285356453
11.617700000000001 0.26748215655247415
11.6326 0.2664552458744538
11.647499999999999 0.26543354287999865
11.6624 0.264417019629604
11.6773 0.2634056481837653
11.6922 0.26239940060297784
11.7071 0.26139824894773694
11.722 0.26040216527853804
11.736899999999999 0.2594111216558764
11.751800000000001 0.25842509014024706
11.7667 0.25744404279214594
11.7816 0.25646795167206804
11.7965 0.2554967888405086
11.811399999999999 0.2545305263579632
11.826300000000002 0.25356913628492683
11.8412 0.2526125906818953
11.8561 0.2516608616093637
11.871 0.2507139211278272
11.8859 0.24977174129778146
11.9008 0.24883429417972153
11.915700000000001 0.24790155183414286
11.9306 0.2469734863215409
11.9455 0.24605006970241086
11.9604 0.245131274037248
11.9753 0.24421707138654775
11.9902 0.24330743381080555
12.0051 0.2424023333705165
12.02 0.2415017421261762
12.034899999999999 0.2406056321382798
12.049800000000001 0.23971397546732248
12.0647 0.2388267441738
12.0796 0.23794391031820747
12.0945 0.23706544596104012
12.109399999999999 0.23619132316279348
12.1243 0.2353215139839627
12.1392 0.2344559904850432
12.1541 0.23359472472653045
12.169 0.23273768876891954
12.1839 0.23188485467270603
12.1988 0.23103619449838503
12.213700000000001 0.230191680306452
12.2286 0.22935128415740236
12.2435 0.22851497811173138
12.2584 0.22768273422993424
12.2733 0.22685452457250643
12.2882 0.22603032119994335
12.3031 0.22521009617274013
12.318 0.22439382155139231
12.332899999999999 0.22358146939639514
12.347800000000001 0.22277301176824377
12.3627 0.2219684207274339
12.3776 0.22116766833446064
12.3925 0.22037072664981927
12.407399999999999 0.21957756773400536
12.4223 0.21878816364751397
12.4372 0.21800248645084058
12.4521 0.21722050820448058
12.467 0.21644220096892916
12.4819 0.21566753680468184
12.4968 0.21489648777223372
12.511700000000001 0.21412902593208027
12.5266 0.2133651233447169
12.5415 0.2126047520706389
12.5564 0.21184788417034145
12.5713 0.21109449170432
12.5862 0.21034454673306996
12.6011 0.20959802254816445
12.616 0.20885490119480654
12.630899999999999 0.2081151685106259
12.645800000000001 0.2073788103485069
12.6607 0.2066458125613343
12.6756 0.20591616100199248
12.6905 0.20518984152336583
12.7054 0.204466839978339
12.7203 0.20374714221979634
12.7352 0.2030307341006224
12.7501 0.20231760147370176
12.764999999999999 0.2016077301919188
12.7799 0.200901106108158
12.7948 0.20019771507530387
12.809700000000001 0.19949754294624092
12.8246 0.19880057557385375
12.8395 0.19810679881102672
12.8544 0.1974161985106443
12.8693 0.196728760525591
12.8842 0.19604447070875144
12.8991 0.19536331491300993
12.914 0.1946852789912511
12.928899999999999 0.19401034879635942
12.943800000000001 0.19333851018121917
12.9587 0.19266974899871517
12.9736 0.19200405110173177
12.9885 0.19134140234315336
13.0034 0.1906817885758646
13.0183 0.19002519565274983
13.0332 0.18937160942669362
13.0481 0.18872101575058053
13.062999999999999 0.188073400477295
13.0779 0.1874287494597214
13.0928 0.18678704855074432
13.107700000000001 0.18614828360324828
13.1226 0.18551244047011778
13.1375 0.1848795050042373
13.1524 0.18424946305849124
13.167300000000001 0.18362230048576414
13.1822 0.18299800313894057
13.1971 0.18237655687090493
13.212 0.18175794753454177
13.226899999999999 0.18114216098273558
13.241800000000001 0.18052918306837068
13.2567 0.17991899964433183
13.2716 0.17931159656350343
13.2865 0.17870695967876984
13.3014 0.17810507484301574
13.3163 0.17750592790912545
13.3312 0.17690950472998357
13.3461 0.17631579115847462
13.360999999999999 0.17572477304748302
13.3759 0.17513643624989322
13.3908 0.17455076661858976
13.4057 0.17396775000645723
13.4206 0.17338737226637996
13.4355 0.17280961925124258
13.4504 0.17223447681392945
13.465300000000001 0.1716619308073251
13.4802 0.17109196708431415
13.4951 0.17052457149778089
13.51 0.16995972990061
13.524899999999999 0.1693974281456859
13.539800000000001 0.1688376520858929
13.5547 0.16828038757411581
13.5696 0.16772562046323894
13.5845 0.16717333660614675
13.5994 0.16662352185572388
13.6143 0.16607616206485465
13.6292 0.16553124308642364
13.6441 0.16498875077331537
13.658999999999999 0.16444867097841434
13.6739 0.1639109895546049
13.6888 0.16337569235477165
13.7037 0.16284276523179914
13.7186 0.1623121940385717
13.7335 0.161783964627974
13.748399999999998 0.16125806285289046
13.763300000000001 0.16073447456620538
13.7782 0.16021318562080358
13.7931 0.15969418186956935
13.808 0.15917744916538729
13.822899999999999 0.1586629733611418
13.837800000000001 0.15815074030971732
13.8527 0.15764073586399852
13.8676 0.1571329458768698
13.8825 0.1566273562012156
13.8974 0.1561239526899205
13.9123 0.1556227211958689
13.927200000000001 0.15512364757194533
13.9421 0.15462671767103436
13.956999999999999 0.1541319173460204
13.9719 0.15363923244978792
13.9868 0.15314864883522145
14.0017 0.1526601523552055
14.0166 0.1521737288626245
14.0315 0.15168936421036305
14.046399999999998 0.15120704425130557
14.061300000000001 0.15072675483833642
14.0762 0.1502484818243404
14.0911 0.1497722110622017
14.106 0.14929792840480502
14.120899999999999 0.14882561970503477
14.135800000000001 0.14835527122146097
14.1507 0.14788687305651677
14.1656 0.1474204174327678
14.1805 0.1469558965949754
14.1954 0.1464933027879012
14.2103 0.14603262825630656
14.225200000000001 0.14557386524495294
14.2401 0.1451170059986019
14.254999999999999 0.14466204276201478
14.2699 0.14420896777995304
14.2848 0.1437577732971782
14.2997 0.14330845155845173
14.3146 0.142860994808535
14.3295 0.1424153952921896
14.344399999999998 0.1419716452541769
14.359300000000001 0.14152973693925827
14.3742 0.14108966259219535
14.389100000000001 0.1406514144577495
14.404 0.14021498478068223
14.418899999999999 0.13978036580575498
14.433800000000002 0.1393475497777291
14.4487 0.13891652894136622
14.4636 0.13848729554142772
14.4785 0.13805984182267503
14.4934 0.13763416002986967
14.5083 0.13721024240777302
14.523200000000001 0.13678808120114658
14.5381 0.1363676686547519
14.552999999999999 0.1359489970133503
14.5679 0.13553205852170327
14.5828 0.1351168454245723
14.5977 0.13470334996671887
14.6126 0.13429156439290435
14.6275 0.13388148094789032
14.642399999999999 0.1334730918764382
14.657300000000001 0.13306638942330928
14.6722 0.13266136583326527
14.6871 0.13225801335106752
14.702 0.13185632422147747
14.716899999999999 0.1314562906892566
14.731800000000002 0.1310579049991663
14.7467 0.13066115939596817
14.7616 0.1302660461244236
14.7765 0.12987255742929402
14.7914 0.12948068555534092
14.8063 0.1290904227473257
14.821200000000001 0.1287017612500099
14.8361 0.12831469330815498
14.850999999999999 0.12792921116652237
14.8659 0.12754530706987344
14.8808 0.12716297326296977
14.8957 0.1267822019905728
14.9106 0.12640298549744394
14.9255 0.1260253160283447
14.940399999999999 0.12564918582803655
14.955300000000001 0.1252745871412808
14.9702 0.12490151221283913
14.9851 0.12452995328747288
15 0.12415990260994347
