0.1 3842.5
0.1499 2362.7155621146376
0.1998 1575.2400253259989
0.2497 1115.5999663953844
0.2996 818.2736381214944
0.34950000000000003 620.6726269622575
0.3994 483.3276221511943
0.44930000000000003 384.824485965723
0.4992 311.99212761742996
0.5490999999999999 257.04741945726397
0.599 214.5723124314419
0.6488999999999999 180.96636472224662
0.6988 153.99584736842303
0.7486999999999999 132.30208275476625
0.7986 114.68268126938432
0.8485 100.10168165599401
0.8984 87.92069235041174
0.9482999999999999 77.63942991262971
0.9981999999999999 68.9184059187646
1.0481 61.46319269233169
1.098 55.06423450871459
1.1479 49.53736263050641
1.1978 44.73522910636933
1.2477 40.54552161970817
1.2976 36.86136774411828
1.3475000000000001 33.60828782811521
1.3974 30.727345210526742
1.4473 28.161255132967067
1.4972 25.868920199304696
1.5471 23.81886001778947
1.5970000000000002 21.97975066148176
1.6469 20.324122990925872
1.6968 18.832150795408147
1.7467000000000001 17.484908210508525
1.7966 16.263538182522364
1.8465 15.152470103333613
1.8963999999999999 14.14079439700981
1.9463000000000001 13.21795578182591
1.9962000000000002 12.373398980978848
2.0461 11.597453814573909
2.096 10.883804086215441
2.1459 10.226927923329496
2.1957999999999998 9.621303453342122
2.2457 9.061409979017112
2.2956 8.542353357550423
2.3455 8.060895762257092
2.3954 7.614069912034751
2.4453 7.198908525781036
2.4952 6.8124443223935796
2.5451 6.451781976457533
2.595 6.1148667160859524
2.6449000000000003 5.800188000220738
2.6948 5.506244445796417
2.7447 5.231534669747506
2.7946 4.974557289008533
2.8445 4.733823273440137
2.8944 4.508099173655616
2.9442999999999997 4.296392205997242
2.9941999999999998 4.097718953347311
3.0441 3.9110959985881166
3.0940000000000003 3.735539924601956
3.1439000000000004 3.5700673142711277
3.1938 3.413718035774884
3.2437 3.265840628503853
3.2936 3.1260024307570102
3.3435 2.9937754217480577
3.3934 2.868731580690695
3.4433 2.7504428867986253
3.4932 2.638481319285546
3.5431 2.5324188573651596
3.593 2.4318452026933066
3.6429 2.336445972346091
3.6927999999999996 2.24593908226588
3.7426999999999997 2.1600424728684517
3.7926 2.078474084569587
3.8425000000000002 2.0009518577850667
3.8924000000000003 1.9271937329306705
3.9423 1.8569176504221787
3.9922 1.789841851060527
4.0421 1.725733227994414
4.092 1.6644606351659255
4.1419 1.605905755868786
4.1918 1.5499502733967196
4.2417 1.496475871043451
4.291599999999999 1.4453642321027051
4.3415 1.3964970398682037
4.391399999999999 1.3497559776336745
4.4413 1.3050227286928382
4.491199999999999 1.2621798454279123
4.541099999999999 1.2211309430988007
4.590999999999999 1.1818013142800936
4.640899999999999 1.144117243554119
4.690799999999999 1.1080050155032053
4.7406999999999995 1.073390914709681
4.7905999999999995 1.0402012257558744
4.8405 1.008362233224114
4.8904 0.977800221696728
4.9403 0.9484414757560449
4.9902 0.9202122799843927
5.040099999999999 0.8930400352084533
5.09 0.8668713891063318
5.139899999999999 0.8416692254113969
5.1898 0.8173969364743406
5.239699999999999 0.7940179146458588
5.289599999999999 0.771495552276644
5.339499999999999 0.7497932417173907
5.389399999999999 0.7288743753187927
5.4393 0.7087023454315439
5.489199999999999 0.6892405444063389
5.5390999999999995 0.6704523645938708
5.5889999999999995 0.6523011983448339
5.6389 0.6347505391332307
5.6888 0.6177710720179127
5.7387 0.6013453285125079
5.788599999999999 0.5854569455612967
5.8385 0.570089560108559
5.888399999999999 0.5552268090985762
5.9383 0.540852329475628
5.988199999999999 0.5269497581839955
6.038099999999999 0.5135027321679587
6.088 0.5004948883717981
6.137899999999999 0.48790986373979467
6.1878 0.4757312952162282
6.237699999999999 0.4639428197453799
6.287599999999999 0.4525280742715297
6.3374999999999995 0.44147088042062754
6.3873999999999995 0.4307583256073873
6.4373 0.42038029586030645
6.4872 0.41032676775595783
6.537099999999999 0.4005877178709146
6.587 0.39115312278174896
6.636899999999999 0.38201295906503474
6.6868 0.3731572032973439
6.736699999999999 0.36457583205525024
6.786599999999999 0.3562588219153261
6.8365 0.3481961494541443
6.886399999999999 0.34037779124827827
6.9363 0.33279372387430034
6.986199999999999 0.3254339239087839
7.036099999999999 0.3182883679283015
7.085999999999999 0.31134703417209914
7.1358999999999995 0.3046009804143881
7.1857999999999995 0.29804420187502967
7.2357 0.29167118869495184
7.285599999999999 0.2854764310150827
7.3355 0.27945441897634987
7.385399999999999 0.2735996427196818
7.4353 0.26790659238600606
7.4852 0.2623697581162509
7.535099999999999 0.2569836300513444
7.585 0.2517426983322142
7.634899999999999 0.24664145309978863
7.6848 0.24167438449499537
7.734699999999999 0.23683598265876274
7.784599999999999 0.23212073773201844
7.834499999999999 0.22752313985569056
7.884399999999999 0.22303767917070713
7.9342999999999995 0.21865884581799605
7.9841999999999995 0.21438146586364426
8.034099999999999 0.21020269728926744
8.084 0.20612068703075126
8.133899999999999 0.2021335856032987
8.1838 0.19823954352211215
8.233699999999999 0.1944367113023946
8.2836 0.19072323945934838
8.333499999999999 0.1870972785081765
8.3834 0.18355697896408135
8.4333 0.18010049134226586
8.483199999999998 0.17672596615793257
8.5331 0.17343155392628407
8.583 0.17021540516252312
8.6329 0.1670756703818525
8.682799999999999 0.16401050009947482
8.732699999999998 0.16101804483059273
8.7826 0.1580964550904087
8.8325 0.15524388139412582
8.882399999999999 0.15245847425694656
8.9323 0.14973838792604138
8.982199999999999 0.14708192451556004
9.0321 0.14448757985198402
9.081999999999999 0.14195386287297623
9.1319 0.13947928251619932
9.181799999999999 0.13706234771931622
9.231699999999998 0.13470156741998957
9.2816 0.1323954505558821
9.3315 0.13014250606465666
9.3814 0.12794124288397607
9.431299999999998 0.12579016995150305
9.4812 0.12368779620490028
9.5311 0.1216326305818306
9.581 0.11962318201995686
9.630899999999999 0.11765795945694177
9.6808 0.115735471830448
9.730699999999999 0.11385422807813847
9.7806 0.11201273713767582
9.830499999999999 0.11020950794672293
9.8804 0.10844304944294247
9.930299999999999 0.10671187056399734
9.980199999999998 0.1050144802475502
10.0301 0.10334942345577888
10.08 0.10171577739832119
10.1299 0.10011302556676441
10.179799999999998 0.09854066170671731
10.2297 0.09699817956378869
10.2796 0.0954850728835874
10.3295 0.09400083541172237
10.379399999999999 0.09254496089380236
10.4293 0.09111694307543614
10.479199999999999 0.08971627570223266
10.5291 0.08834245251980065
10.578999999999999 0.08699496727374903
10.6289 0.08567331370968655
10.678799999999999 0.08437698557322212
10.728699999999998 0.08310547660996455
10.7786 0.08185828056552255
10.8285 0.08063489118550517
10.8784 0.07943480221552113
10.928299999999998 0.07825750740117926
10.9782 0.07710250048808835
11.0281 0.0759692752218573
11.078 0.07485732534809494
11.127899999999999 0.0737661446124101
11.1778 0.07269522676041157
11.227699999999999 0.07164406564287781
11.2776 0.07061219871349514
11.327499999999999 0.06959927414531197
11.3774 0.06860495742369857
11.427299999999999 0.06762891403402535
11.477199999999998 0.0666708094616626
11.5271 0.0657303091919806
11.577 0.06480707871034981
11.6269 0.06390078350214053
11.676799999999998 0.06301108905272307
11.7267 0.06213766084746773
11.7766 0.06128016437174491
11.8265 0.06043826511092496
11.876399999999999 0.059611628550378194
11.9263 0.05879992017547491
11.976199999999999 0.05800280547158551
12.0261 0.05721994992408029
12.076 0.05645101901832959
12.1259 0.05569567823970379
12.175799999999999 0.0549535930735732
12.225699999999998 0.05422442900530815
12.2756 0.05350785152027894
12.3255 0.052803526103856
12.375399999999999 0.05211111824140961
12.425299999999998 0.05143029341831013
12.4752 0.050760717119927856
12.5251 0.05010205483163316
12.575 0.049453972038796395
12.624899999999998 0.048816146362046356
12.6748 0.04818837254475114
12.724699999999999 0.047570510884912647
12.7746 0.046962422400229825
12.8245 0.0463639681084017
12.8744 0.04577500902712731
12.924299999999999 0.045195406174105626
12.974199999999998 0.044625020567035656
13.0241 0.044063713223616366
13.074 0.04351134516154684
13.123899999999999 0.042967777398526044
13.173799999999998 0.042432870952252975
13.2237 0.04190648684042663
13.2736 0.04138848608074602
13.3235 0.04087872969091018
13.373399999999998 0.04037707868861808
13.4233 0.03988339409156873
13.473199999999999 0.039397536917461146
13.5231 0.038919368183994316
13.573 0.03844874890886724
13.6229 0.03798554010977897
13.672799999999999 0.037529602804428464
13.722699999999998 0.03708079801051475
13.7726 0.03663898674573678
13.8225 0.03620403002779364
13.872399999999999 0.03577578887438429
13.922299999999998 0.03535412430320774
13.972199999999999 0.034938897331962974
14.0221 0.03452996897834902
14.072 0.03412720026006489
14.1219 0.033730452194809565
14.1718 0.03333959380957487
14.221699999999998 0.03295453274806426
14.2716 0.03257518827746894
14.3215 0.03220147966730795
14.3714 0.0318333261871003
14.421299999999999 0.03147064710636501
14.471199999999998 0.03111336169462109
14.5211 0.030761389221387523
14.571 0.030414648956183378
14.620899999999999 0.030073060168527645
14.670799999999998 0.029736542127939337
14.720699999999999 0.029405014103937463
14.7706 0.029078395366041045
14.8205 0.028756605183769105
14.8704 0.02843956282664064
14.9203 0.02812718756417469
14.970199999999998 0.02781939866589025
15.0201 0.027516115401306333
15.07 0.02721725703994196
15.1199 0.026922742851316156
15.169799999999999 0.026632492104947926
15.219699999999998 0.026346424070356284
15.2696 0.026064458017060223
15.3195 0.025786513214578803
15.369399999999999 0.025512508932431018
15.4193 0.02524236444013587
15.469199999999999 0.02497599900721239
15.5191 0.024713331903179578
15.568999999999999 0.024454282397556468
15.6189 0.024198769759862057
15.6688 0.023946713259615376
15.718699999999998 0.023698032166335432
15.7686 0.023452645749541225
15.8185 0.023210473278751788
15.8684 0.02297143444867912
15.918299999999999 0.022735466634460636
15.968199999999998 0.02250253086774602
16.0181 0.02227258983245268
16.068 0.022045606212498042
16.117900000000002 0.02182154269179952
16.1678 0.021600361954274536
16.2177 0.021382026683840476
16.2676 0.021166499564414763
16.317500000000003 0.020953743279914814
16.3674 0.020743720514258056
16.4173 0.02053639395136187
16.467200000000002 0.020331726275143687
16.5171 0.02012968016952093
16.567 0.019930218318410988
16.616899999999998 0.019733303405731296
16.666800000000002 0.01953889811539923
16.716700000000003 0.019346965131332244
16.7666 0.01915746713744775
16.8165 0.01897036681766313
16.8664 0.018785626855895826
16.9163 0.01860320993606323
16.9662 0.01842307874208276
17.0161 0.01824519595787183
17.066000000000003 0.018069524267347856
17.1159 0.01789602635442826
17.1658 0.017724664903030433
17.215700000000002 0.0175554025970718
17.2656 0.01738820212046978
17.3155 0.017223026157141767
17.365399999999998 0.017059837391005202
17.415300000000002 0.01689859850597745
17.465200000000003 0.01673927218597597
17.5151 0.016581821114918172
17.565 0.016426207976721445
17.6149 0.01627239545530322
17.6648 0.016120346234580894
17.7147 0.01597002299847189
17.7646 0.015821388430893615
17.814500000000002 0.01567440614305519
17.8644 0.015529052038396898
17.9143 0.015385310733600336
17.9642 0.015243167030162538
18.0141 0.015102605729580542
18.064 0.014963611633351352
18.1139 0.014826169542972006
18.163800000000002 0.014690264259939528
18.213700000000003 0.014555880585750946
18.2636 0.014423003321903294
18.3135 0.01429161726989358
18.3634 0.014161707231218847
18.4133 0.014033258007376103
18.4632 0.013906254399862384
18.5131 0.013780681210174717
18.563000000000002 0.013656523239810125
18.6129 0.013533765290265645
18.6628 0.013412392163038285
18.7127 0.013292388659625079
18.7626 0.013173739581523061
18.8125 0.013056429730229243
18.8624 0.012940443907240655
18.912300000000002 0.012825766914054328
18.962200000000003 0.012712383552167281
19.0121 0.012600278623076555
19.062 0.012489436928279158
19.1119 0.012379843269272129
19.1618 0.012271482447552481
19.2117 0.012164339264617246
19.2616 0.012058398521963451
19.311500000000002 0.011953645021088123
19.3614 0.011850063563488295
19.4113 0.011747638950660975
19.4612 0.011646355984103199
19.5111 0.011546199465312
19.561 0.01144715419578439
19.6109 0.011349204977017403
19.660800000000002 0.011252336610508062
19.710700000000003 0.011156533897753394
19.7606 0.011061781640250432
19.8105 0.01096806463949619
19.8604 0.010875367696987706
19.9103 0.01078367561422199
19.9602 0.010692973195430477
20.0101 0.010603246597775381
20.060000000000002 0.010514485513959391
20.1099 0.010426680207043501
20.1598 0.010339820940088685
20.2097 0.010253897976155934
20.2596 0.010168901578306239
20.3095 0.010084822009600574
20.3594 0.010001649533099932
20.4093 0.009919374411865297
20.459200000000003 0.009837986908957656
20.5091 0.009757477287438001
20.559 0.009677835810367304
20.6089 0.009599052740806564
20.6588 0.009521118341816756
20.708700000000004 0.009444022876458864
20.7586 0.00936775660779389
20.808500000000002 0.009292309798882806
20.8584 0.009217672712786605
20.9083 0.009143835612566266
20.9582 0.009070788761282778
21.0081 0.00899852242199713
21.058 0.0089270268577703
21.1079 0.00885629233166328
21.1578 0.008786309106737052
21.207700000000003 0.008717067446052607
21.2576 0.008648557612670929
21.3075 0.008580769869652997
21.3574 0.00851369448005981
21.4073 0.00844732170695234
21.457200000000004 0.008381641813391572
21.5071 0.008316645062438508
21.557000000000002 0.00825232171715412
21.6069 0.008188662040599402
21.6568 0.008125656295835332
21.7067 0.008063294745922898
21.7566 0.00800156765392309
21.8065 0.007940465282896889
21.8564 0.00787997789590528
21.9063 0.007820095756009254
21.956200000000003 0.007760809126269792
22.0061 0.007702108269747886
22.056 0.0076439834495045135
22.1059 0.007586424928600668
22.1558 0.007529422970097326
22.205700000000004 0.007472967837055477
22.2556 0.007417049792536115
22.305500000000002 0.007361659099600215
22.3554 0.007306786021308771
22.4053 0.007252420866785224
22.4552 0.007198556145126984
22.5051 0.007145187485565088
22.555 0.007092310754498047
22.6049 0.0070399218183243815
22.6548 0.006988016543442609
22.704700000000003 0.006936590796251249
22.7546 0.0068856404431488225
22.8045 0.006835161350533838
22.8544 0.006785149384804823
22.9043 0.006735600412360287
22.954200000000004 0.006686510299598747
23.0041 0.006637874912918733
23.054000000000002 0.006589690118718751
23.1039 0.006541951783397326
23.1538 0.006494655773352969
23.2037 0.0064477979549842
23.2536 0.006401374194689542
23.3035 0.006355380358867506
23.3534 0.006309812313916611
23.4033 0.006264665926235377
23.453200000000002 0.00621993706222232
23.5031 0.006175621588275962
23.553 0.006131715370794814
23.602899999999998 0.0060882142761774
23.6528 0.006045114170822233
23.702700000000004 0.006002410921127828
23.7526 0.005960100393492714
23.802500000000002 0.005918178454315399
23.8524 0.0058766409699944075
23.9023 0.00583548380692825
23.9522 0.005794702831515447
24.0021 0.005754293910154521
24.052000000000003 0.00571425290924398
24.1019 0.005674575695182352
24.1518 0.005635258134368149
24.201700000000002 0.005596296093199889
24.2516 0.005557685438076094
24.3015 0.0055194220353952765
24.351399999999998 0.005481501751555958
24.4013 0.005443920452956652
24.451200000000004 0.005406674005995877
24.5011 0.0053697582770721565
24.551000000000002 0.005333169132584002
24.6009 0.005296902438929937
24.6508 0.005260954062508472
24.7007 0.00522531986971813
24.7506 0.0051899957269574285
24.800500000000003 0.00515497750062488
24.8504 0.00512026105711901
24.9003 0.005085842262838331
24.950200000000002 0.005051716984181363
25.0001 0.0050178810875466245
25.05 0.00498433043933263
25.099899999999998 0.0049510609059378995
25.1498 0.004918068436877977
25.199700000000004 0.004885350144259726
25.2496 0.004852903995416275
25.299500000000002 0.004820727977502309
25.3494 0.004788820077672519
25.3993 0.00475717828308159
25.4492 0.004725800580884214
25.4991 0.004694684958235081
25.549000000000003 0.004663829402288874
25.5989 0.00463323190020029
25.6488 0.0046028904391240116
25.698700000000002 0.0045728030062147295
25.7486 0.004542967588627135
25.7985 0.004513382173515912
25.848399999999998 0.004484044748035755
25.8983 0.004454953299341348
25.948200000000003 0.00442610581458738
25.9981 0.004397500280928545
26.048000000000002 0.004369134685519527
26.0979 0.004341007015515018
26.1478 0.004313115258069703
26.1977 0.004285457400338273
26.2476 0.004258031429475419
26.297500000000003 0.004230835332635825
26.3474 0.004203867096974186
26.3973 0.004177124709645185
26.447200000000002 0.004150606157803514
26.4971 0.004124309428603862
26.547 0.004098232509200916
26.596899999999998 0.0040723733867493676
26.6468 0.004046730048403902
26.696700000000003 0.004021300481319208
26.7466 0.00399608267264998
26.7965 0.003971074609550901
26.8464 0.003946274279176664
26.8963 0.003921679668681955
26.9462 0.003897288765221464
26.9961 0.0038730995559498804
27.046000000000003 0.0038491100280218897
27.0959 0.0038253181685921865
27.1458 0.003801721964815455
27.195700000000002 0.003778319403846385
27.2456 0.0037551084728396685
27.2955 0.0037320871589499893
27.345399999999998 0.003709253449332041
27.395300000000002 0.0036866053311405064
27.445200000000003 0.00366414079153008
27.4951 0.0036418578176554504
27.545 0.003619754396671303
27.5949 0.0035978285157323305
27.6448 0.0035760781619932178
27.6947 0.0035545013226086558
27.7446 0.003533095984733335
27.794500000000003 0.0035118601355219386
27.8444 0.003490791762129163
27.8943 0.003469888851709692
27.944200000000002 0.003449149391418216
27.9941 0.0034285713684094245
28.044 0.0034081527698380043
28.093899999999998 0.0033878915828586473
28.143800000000002 0.003367785794626037
28.193700000000003 0.003347833393400378
28.2436 0.0033280326194601415
28.2935 0.003308382284295218
28.3434 0.0032888812780866154
28.3933 0.0032695284910153363
28.4432 0.003250322813262387
28.4931 0.003231263135008774
28.543000000000003 0.0032123483464354978
28.5929 0.0031935773377235696
28.6428 0.0031749489990539896
28.692700000000002 0.003156462220607765
28.7426 0.0031381158925659017
28.7925 0.003119908905109402
28.842399999999998 0.0031018401484192736
28.892300000000002 0.003083908512676518
28.942200000000003 0.003066112888062144
28.9921 0.003048452164757156
29.042 0.003030925232942557
29.0919 0.003013530982799355
29.1418 0.0029962683045085515
29.1917 0.0029791360882511536
29.2416 0.0029621332242081677
29.291500000000003 0.0029452586025605944
29.3414 0.002928511113489444
29.3913 0.002911889647175718
29.441200000000002 0.0028953930938004223
29.4911 0.002879020343544564
29.541 0.0028627702865891445
29.590899999999998 0.002846641813115172
29.640800000000002 0.002830633813303648
29.690700000000003 0.0028147451773355807
29.7406 0.0027989747953919755
29.7905 0.0027833215576538346
29.8404 0.0027677843543021663
29.8903 0.0027523620755179725
29.9402 0.0027370536114822595
29.990099999999998 0.0027218578523760333
30.040000000000003 0.0027067736883802963
30.0899 0.0026918000096760575
30.1398 0.0026769357064443185
30.189700000000002 0.0026621796688660855
30.2396 0.002647530787122365
30.2895 0.0026329879513941595
30.339399999999998 0.0026185500518624764
30.389300000000002 0.0026042159787083175
30.439200000000003 0.002589984622112691
30.4891 0.0025758548722566014
30.539 0.0025618256193210526
30.5889 0.0025478957534870506
30.6388 0.0025340641649356
30.6887 0.0025203297438477048
30.7386 0.0025066913804043718
30.788500000000003 0.0024931479647866055
30.8384 0.0024796983871754113
30.8883 0.002466341537751793
30.938200000000002 0.0024530763066967563
30.9881 0.0024399015841913073
31.038 0.002426816260416449
31.087899999999998 0.0024138192255531887
31.137800000000002 0.002400909369782528
31.187700000000003 0.0023880855832854753
31.2376 0.0023753467562430356
31.2875 0.0023626917788362113
31.3374 0.00235011954124601
31.3873 0.0023376289336534354
31.4372 0.0023252188462394925
31.4871 0.0023128881691851866
31.537000000000003 0.0023006357926715227
31.5869 0.0022884606068795076
31.6368 0.0022763615045314238
31.686700000000002 0.0022643376181232552
31.7366 0.0022523885132326414
31.7865 0.0022405138009294286
31.836399999999998 0.0022287130922834667
31.886300000000002 0.0022169859983646014
31.936200000000003 0.002205332130242683
31.9861 0.0021937510989875593
32.036 0.0021822425156690774
32.085899999999995 0.0021708059913570867
32.1358 0.002159441137121431
32.185700000000004 0.002148147564031964
32.2356 0.002136924883158532
32.2855 0.0021257727055709807
32.3354 0.00211469064233916
32.3853 0.0021036783045329174
32.4352 0.002092735303222101
32.4851 0.0020818612494765596
32.535000000000004 0.00207105575436614
32.5849 0.0020603184289606923
32.6348 0.0020496488843300617
32.6847 0.0020390467315440975
32.7346 0.0020285115816726478
32.7845 0.0020180430457855604
32.8344 0.0020076407349526836
32.884299999999996 0.001997304260243867
32.9342 0.001987033232728955
32.9841 0.0019768272634777978
33.034 0.0019666859635602434
33.0839 0.0019566089440461393
33.133799999999994 0.0019465958160053355
33.1837 0.0019366461905076754
33.2336 0.0019267596786230114
33.283500000000004 0.0019169358914211902
33.333400000000005 0.0019071744399720594
33.3833 0.0018974749353454692
33.4332 0.001887836988611264
33.4831 0.0018782602108392938
33.533 0.0018687442130994063
33.5829 0.0018592886064614496
33.632799999999996 0.0018498930019952733
33.6827 0.0018405570107707222
33.7326 0.0018312802438576463
33.7825 0.0018220623123258932
33.8324 0.0018129028272453112
33.882299999999994 0.0018038013996857492
33.9322 0.0017947576407170518
33.9821 0.0017857711614090706
34.032000000000004 0.0017768415728316527
34.081900000000005 0.0017679684860546453
34.1318 0.0017591515121478988
34.1817 0.0017503902621812577
34.2316 0.001741684347224572
34.2815 0.0017330333783476893
34.3314 0.001724436966620458
34.381299999999996 0.0017158947231127267
34.4312 0.0017074062588943418
34.4811 0.001698971185035152
34.531 0.0016905891126050053
34.5809 0.00168225965267375
34.630799999999994 0.0016739824163112351
34.6807 0.0016657570145873052
34.7306 0.0016575830585718121
34.7805 0.001649460159334602
34.830400000000004 0.0016413879279455234
34.8803 0.0016333659754744253
34.9302 0.0016253939129911535
34.9801 0.0016174713515655571
35.03 0.0016095979022674844
35.0799 0.0016017731761667831
35.129799999999996 0.0015939967843333024
35.1797 0.0015862683378368879
35.2296 0.0015785874477473893
35.2795 0.001570953725134654
35.3294 0.0015633667810685307
35.37929999999999 0.0015558262266188677
35.4292 0.0015483316728555105
35.4791 0.00154088273084831
35.529 0.0015334790318375809
35.578900000000004 0.0015261202975173577
35.6288 0.0015188062749268798
35.6787 0.0015115367111066353
35.7286 0.001504311353097115
35.7785 0.001497129947938809
35.8284 0.0014899922426722066
35.878299999999996 0.0014828979843377992
35.9282 0.0014758469199760743
35.9781 0.001468838796627523
36.028 0.0014618733613326346
36.0779 0.0014549503611318998
36.1278 0.0014480695430658078
36.1777 0.0014412306541748486
36.2276 0.001434433441499512
36.2775 0.001427677652080288
36.327400000000004 0.0014209630329576665
36.3773 0.001414289331172138
36.4272 0.001407656293764191
36.4771 0.0014010636677743156
36.527 0.0013945112002430018
36.5769 0.00138799863821074
36.626799999999996 0.0013815257287180204
36.6767 0.0013750922188053311
36.7266 0.001368697855513163
36.7765 0.0013623423858820061
36.8264 0.0013560255569523498
36.8763 0.0013497471157646844
36.9262 0.0013435068093594995
36.9761 0.0013373043847772848
37.026 0.0013311395890585305
37.075900000000004 0.0013250121692437262
37.1258 0.0013189218723733628
37.1757 0.0013128684454879283
37.2256 0.0013068516356279133
37.2755 0.0013008711898338078
37.3254 0.0012949268551461018
37.375299999999996 0.0012890183786052856
37.4252 0.0012831455072518478
37.4751 0.0012773079881262786
37.525 0.0012715055682690683
37.5749 0.0012657379947207065
37.6248 0.0012600050145216831
37.6747 0.0012543063747124878
37.7246 0.001248641822333611
37.7745 0.0012430111044255416
37.824400000000004 0.0012374139680287703
37.8743 0.0012318501601837875
37.9242 0.0012263194279310812
37.9741 0.0012208215183111422
38.024 0.0012153561783644607
38.0739 0.001209923155131526
38.123799999999996 0.001204522195652829
38.1737 0.0011991530469688577
38.2236 0.0011938154561201033
38.2735 0.0011885091701470552
38.3234 0.0011832339360902033
38.3733 0.0011779895009900376
38.4232 0.0011727756118870476
38.4731 0.0011675920158217236
38.523 0.0011624384598345552
38.572900000000004 0.0011573146909660322
38.6228 0.0011522204562566456
38.6727 0.0011471555027468831
38.7226 0.001142119577477236
38.7725 0.0011371124274881935
38.8224 0.0011321337998202459
38.872299999999996 0.0011271834415138833
38.9222 0.0011222610996095947
38.9721 0.0011173665211478704
39.022 0.0011124994531692
39.0719 0.0011076596427140736
39.1218 0.001102846836822981
39.1717 0.001098060782536412
39.2216 0.0010933012268948567
39.2715 0.0010885679169388048
39.321400000000004 0.001083860599708746
39.3713 0.0010791790222451708
39.4212 0.0010745229315885679
39.4711 0.0010698920747794277
39.521 0.0010652861988582401
39.5709 0.001060705050865495
39.620799999999996 0.0010561483778416829
39.6707 0.001051615926827292
39.7206 0.0010471074448628135
39.7705 0.0010426226789887363
39.8204 0.0010381613764093563
39.8703 0.0010337233247989595
39.9202 0.0010293084051238475
39.9701 0.0010249165114514635
40.02 0.001020547537849251
40.069900000000004 0.0010162013783846524
40.1198 0.0010118779271251124
40.1697 0.0010075770781380724
40.2196 0.0010032987254909762
40.2695 0.0009990427632512672
40.3194 0.0009948090854863885
40.369299999999996 0.000990597586263784
40.4192 0.0009864081596508956
40.4691 0.000982240699715167
40.519 0.0009780951005240414
40.568900000000006 0.0009739712561449613
40.6188 0.0009698690606453719
40.6687 0.0009657884080927145
40.7186 0.0009617291925544328
40.7685 0.0009576913080979702
40.818400000000004 0.0009536746487907696
40.8683 0.000949679108700275
40.9182 0.0009457045818939282
40.9681 0.0009417509624391732
41.018 0.0009378181444034529
41.0679 0.0009339060218542108
41.117799999999995 0.0009300144888588904
41.167699999999996 0.0009261434394849338
41.2176 0.0009222927677997849
41.2675 0.0009184623678708867
41.317400000000006 0.000914652133765682
41.3673 0.0009108619595516155
41.4172 0.0009070917392961287
41.4671 0.0009033413670666655
41.517 0.000899610736930669
41.566900000000004 0.0008958997429555822
41.6168 0.0008922082792088491
41.6667 0.0008885362397579118
41.7166 0.0008848835186702137
41.7665 0.0008812500100131984
41.8164 0.0008776356078543088
41.866299999999995 0.0008740402062609886
41.916199999999996 0.0008704636993006801
41.9661 0.000866905981040827
42.016 0.0008633669455488723
42.065900000000006 0.0008598464868922589
42.1158 0.0008563444991384313
42.1657 0.0008528608763548312
42.2156 0.0008493955126089025
42.2655 0.0008459483019680881
42.315400000000004 0.0008425191384998314
42.3653 0.0008391079162715759
42.4152 0.000835714529350764
42.4651 0.0008323388718048391
42.515 0.0008289808377012446
42.5649 0.0008256403211074237
42.614799999999995 0.0008223172160908199
42.664699999999996 0.0008190114167188755
42.7146 0.0008157228170590342
42.7645 0.0008124513111787392
42.814400000000006 0.0008091967931454331
42.8643 0.0008059591570265606
42.9142 0.0008027382968895633
42.9641 0.0007995341068018851
43.014 0.0007963464808309691
43.063900000000004 0.0007931753130442583
43.1138 0.0007900204975091966
43.1637 0.000786881928293226
43.2136 0.0007837594994637905
43.2635 0.0007806531050883331
43.3134 0.0007775626392342968
43.363299999999995 0.0007744879959691255
43.413199999999996 0.0007714290693602611
43.4631 0.0007683857534751478
43.513 0.0007653579423812284
43.562900000000006 0.0007623455301459458
43.6128 0.0007593484108367444
43.6627 0.0007563664785210659
43.7126 0.0007533996272663544
43.7625 0.0007504477511400527
43.812400000000004 0.000747510744209604
43.8623 0.0007445885005424521
43.9122 0.0007416809142060392
43.9621 0.000738787879267809
44.012 0.0007359092897952045
44.0619 0.000733045039855669
44.111799999999995 0.0007301950235166462
44.161699999999996 0.0007273591348455782
44.2116 0.0007245372679099088
44.2615 0.0007217293167770813
44.311400000000006 0.0007189351755145381
44.3613 0.0007161547381897239
44.4112 0.0007133878988700805
44.4611 0.0007106345516230516
44.511 0.0007078945905160804
44.560900000000004 0.0007051679096166099
44.6108 0.0007024544029920839
44.6607 0.0006997539647099445
44.7106 0.0006970664940028225
44.7605 0.0006943919223215034
44.8104 0.0006917301935167034
44.860299999999995 0.0006890812514651304
44.910199999999996 0.000686445040043491
44.9601 0.0006838215031284931
45.01 0.0006812105845968439
45.059900000000006 0.0006786122283252506
45.1098 0.0006760263781904217
45.1597 0.0006734529780690634
45.2096 0.0006708919718378837
45.2595 0.0006683433033735898
45.309400000000004 0.0006658069165528892
45.3593 0.0006632827552524895
45.4092 0.0006607707633490978
45.4591 0.0006582708847194214
45.509 0.000655783063240168
45.5589 0.0006533072427880451
45.608799999999995 0.0006508433672397602
45.658699999999996 0.0006483913804720201
45.7086 0.0006459512263615326
45.7585 0.0006435228487850052
45.808400000000006 0.0006411061916191447
45.8583 0.0006387011987406598
45.9082 0.0006363078140262568
45.9581 0.0006339259813526434
46.008 0.000631555644596527
46.057900000000004 0.0006291967476346152
46.1078 0.0006268492343436155
46.1577 0.0006245130486002349
46.2076 0.0006221881342811809
46.2575 0.0006198744352631611
46.3074 0.0006175718954228827
46.357299999999995 0.0006152804586370536
46.407199999999996 0.0006130000687823807
46.4571 0.0006107306697355713
46.507 0.0006084722053733333
46.556900000000006 0.0006062246195723735
46.6068 0.0006039878562094003
46.6567 0.0006017618591611203
46.7066 0.0005995465723042411
46.7565 0.00059734193951547
46.806400000000004 0.0005951479046715146
46.8563 0.0005929644116490827
46.9062 0.0005907914043248809
46.9561 0.000588628826575617
47.006 0.0005864766222779984
47.0559 0.0005843347353087325
47.105799999999995 0.000582203109544527
47.155699999999996 0.0005800816888620888
47.2056 0.0005779704171381255
47.255500000000005 0.0005758692382493443
47.305400000000006 0.0005737780960724532
47.3553 0.0005716969344841594
47.4052 0.0005696256973611701
47.4551 0.0005675643285801928
47.505 0.0005655127720179348
47.5549 0.0005634709715511037
47.6048 0.0005614388710564072
47.6547 0.000559416414410552
47.7046 0.0005574035454902459
47.7545 0.0005554002081721962
47.8044 0.0005534063463331105
47.854299999999995 0.0005514219038496964
47.904199999999996 0.0005494468245986607
47.9541 0.0005474810524567111
48.004000000000005 0.0005455245313005548
48.053900000000006 0.0005435772050068998
48.1038 0.0005416390174524533
48.1537 0.0005397099125139225
48.2036 0.0005377898340680147
48.2535 0.0005358787259914376
48.3034 0.0005339765321608985
48.3533 0.0005320831964531051
48.4032 0.0005301986627447643
48.4531 0.0005283228749125837
48.503 0.0005264557768332708
48.5529 0.000524597312383533
48.602799999999995 0.000522747425440078
48.652699999999996 0.0005209060598796125
48.7026 0.0005190731595788444
48.752500000000005 0.0005172486684144808
48.802400000000006 0.0005154325302632295
48.8523 0.0005136246890017981
48.9022 0.0005118250885068933
48.9521 0.000510033672655223
49.002 0.0005082503853234944
49.0519 0.0005064751703884151
49.1018 0.0005047079717266926
49.1517 0.0005029487332150339
49.2016 0.0005011973987301465
49.2515 0.0004994539121487381
49.3014 0.0004977182173475159
49.351299999999995 0.0004959902582031878
49.401199999999996 0.0004942699785924603
49.4511 0.0004925573223920414
49.501000000000005 0.0004908522334786381
49.550900000000006 0.0004891546557289584
49.6008 0.0004874645330197097
49.6507 0.00048578180922759896
49.7006 0.0004841064282293337
49.7505 0.0004824383339016214
49.8004 0.00048077747012116953
49.8503 0.0004791237807646857
49.9002 0.0004774772097088768
49.9501 0.0004758377008304506
50 0.00047420519800611433
