0.1 3795.6
0.1499 2250.5160845000432
0.1998 1462.6699027627392
0.2497 1012.0018561538506
0.2996 732.4819071168804
0.34950000000000003 549.1693864798079
0.3994 423.64714875150315
0.44930000000000003 333.8397624617818
0.4992 268.73337922696606
0.5490999999999999 219.92893437802488
0.599 182.48633421808444
0.6488999999999999 153.2450148679929
0.6988 129.98608472791366
0.7486999999999999 111.2613302137974
0.7986 96.05394247036305
0.8485 83.5663947825811
0.8984 73.18355538111673
0.9482999999999999 64.4110459624055
0.9981999999999999 56.97900265036526
1.0481 50.66208132083371
1.098 45.2714352118999
1.1479 40.630442310103916
1.1978 36.60586265487658
1.2477 33.1057357931723
1.2976 30.04236104344945
1.3475000000000001 27.349007439312143
1.3974 24.969005890204546
1.4473 22.847593919145048
1.4972 20.949210653354168
1.5471 19.24970300279304
1.5970000000000002 17.725090192802323
1.6469 16.354229986327727
1.6968 15.121608145455607
1.7467000000000001 14.012373417410295
1.7966 13.011708458707794
1.8465 12.106415456213899
1.8963999999999999 11.285593510855279
1.9463000000000001 10.538516316505962
1.9962000000000002 9.854457574103376
2.0461 9.223961167213771
2.096 8.642384205545783
2.1459 8.106223715025628
2.1957999999999998 7.611976721579524
2.2457 7.156140597576867
2.2956 6.735397398907037
2.3455 6.346917398085729
2.3954 5.987950613789456
2.4453 5.655747064694733
2.4952 5.3475567694780715
2.5451 5.060698092748911
2.595 4.793287785137615
2.6449000000000003 4.543959526026225
2.6948 4.3113556933663
2.7447 4.09411866510939
2.7946 3.890890819207052
2.8445 3.7003301901244927
2.8944 3.5214187439609335
2.9442999999999997 3.3534434746474364
2.9941999999999998 3.195703247582621
3.0441 3.0474969281651103
3.0940000000000003 2.9081233817935246
3.1439000000000004 2.7768814738664886
3.1938 2.6530835143380056
3.2437 2.536220034947428
3.2936 2.425907898399362
3.3435 2.3217666469878186
3.3934 2.2234158230068086
3.4433 2.1304749687503435
3.4932 2.0425636265124334
3.5431 1.9593013385870899
3.593 1.8803290458525426
3.6429 1.8054035002125073
3.6927999999999996 1.7343204521468791
3.7426999999999997 1.6668756816854522
3.7926 1.6028649688580223
3.8425000000000002 1.542084093694386
3.8924000000000003 1.4843288362243379
3.9423 1.429394976477674
3.9922 1.3770784624808414
4.0421 1.3272024520986294
4.092 1.2796471268921719
4.1419 1.2342998435045915
4.1918 1.1910479585790112
4.2417 1.149778828758553
4.291599999999999 1.11037981068634
4.3415 1.0727382610054925
4.391399999999999 1.0367415363591357
4.4413 1.0022769933903894
4.491199999999999 0.9692331917799885
4.541099999999999 0.9375278475423836
4.590999999999999 0.9071086835614721
4.640899999999999 0.8779247959099962
4.690799999999999 0.849925280660698
4.7406999999999995 0.8230592338863196
4.7905999999999995 0.7972757516596034
4.8405 0.7725239300532915
4.8904 0.7487528651401261
4.9403 0.7259116529928492
4.9902 0.7039493896842033
5.040099999999999 0.6828158632643961
5.09 0.6624727932101484
5.139899999999999 0.642891963984707
5.1898 0.6240454753512125
5.239699999999999 0.605905427072808
5.289599999999999 0.5884439189126345
5.339499999999999 0.5716330506338341
5.389399999999999 0.5554449219995488
5.4393 0.5398516327729199
5.489199999999999 0.5248252827170906
5.5390999999999995 0.5103379715952017
5.5889999999999995 0.49636179917039525
5.6389 0.4828689305136633
5.6888 0.4698361751934154
5.7387 0.4572479935017562
5.788599999999999 0.4450895596443326
5.8385 0.4333460478267908
5.888399999999999 0.4220026322547783
5.9383 0.41104448713394093
5.988199999999999 0.40045678666992635
6.038099999999999 0.3902247050683806
6.088 0.3803334165349505
6.137899999999999 0.37076809527528326
6.1878 0.3615139154950249
6.237699999999999 0.3525560513998228
6.287599999999999 0.3438796771953233
6.3374999999999995 0.3354701961515833
6.3873999999999995 0.3273170621625211
6.4373 0.3194132002993387
6.4872 0.31175164794184757
6.537099999999999 0.3043254424698595
6.587 0.2971276212631856
6.636899999999999 0.290151221701638
6.6868 0.28338928116502765
6.736699999999999 0.2768348370331666
6.786599999999999 0.27048092668586604
6.8365 0.2643205875029376
6.886399999999999 0.25834685686419306
6.9363 0.25255277214944355
6.986199999999999 0.24693137073850105
7.036099999999999 0.2414756900111768
7.085999999999999 0.23617876829433826
7.1358999999999995 0.23103425881621753
7.1857999999999995 0.22603748796932277
7.2357 0.22118406405239865
7.285599999999999 0.21646959536418997
7.3355 0.21188969020344123
7.385399999999999 0.20743995686889743
7.4353 0.203116003659303
7.4852 0.19891343887340285
7.535099999999999 0.1948278708099417
7.585 0.19085490776766406
7.634899999999999 0.18699015804531494
7.6848 0.18322922994163873
7.734699999999999 0.17956773175538046
7.784599999999999 0.1760012717852846
7.834499999999999 0.17252545833009597
7.884399999999999 0.16913589968855927
7.9342999999999995 0.16582820415941918
7.9841999999999995 0.16259823314060426
8.034099999999999 0.1594436049866195
8.084 0.15636268316888635
8.133899999999999 0.15335383385562432
8.1838 0.15041542321505239
8.233699999999999 0.14754581741539002
8.2836 0.14474338262485628
8.333499999999999 0.14200648501167054
8.3834 0.13933349074405188
8.4333 0.1367227659902197
8.483199999999998 0.13417267691839319
8.5331 0.13168158969679147
8.583 0.12924787049363384
8.6329 0.12686988547713965
8.682799999999999 0.12454600081552805
8.732699999999998 0.12227458267701827
8.7826 0.12005399722982939
8.8325 0.11788261064218096
8.882399999999999 0.11575878908229206
8.9323 0.1136809073663616
8.982199999999999 0.11164768295840183
9.0321 0.10965828220633003
9.081999999999999 0.10771190184021914
9.1319 0.10580773859014184
9.181799999999999 0.10394498918617102
9.231699999999998 0.10212285035837945
9.2816 0.10034051883683984
9.3315 0.09859719135162506
9.3814 0.09689206463280799
9.431299999999998 0.09522433541046132
9.4812 0.09359320041465785
9.5311 0.09199785637547038
9.581 0.0904375000229718
9.630899999999999 0.08891132808723483
9.6808 0.08741853729833222
9.730699999999999 0.08595832438633688
9.7806 0.0845298860813215
9.830499999999999 0.08313241911335897
9.8804 0.08176512021252202
9.930299999999999 0.08042718610888352
9.980199999999998 0.0791178135325162
10.0301 0.07783620804334597
10.08 0.07658170565876293
10.1299 0.07535374197862005
10.179799999999998 0.07415175511610043
10.2297 0.07297518318438725
10.2796 0.0718234642966637
10.3295 0.07069603656611301
10.379399999999999 0.0695923381059183
10.4293 0.06851180702926273
10.479199999999999 0.06745388144932954
10.5291 0.06641799947930183
10.578999999999999 0.06540359923236286
10.6289 0.06441011882169574
10.678799999999999 0.06343699636048371
10.728699999999998 0.062483669961909905
10.7786 0.06154957773915745
10.8285 0.06063415780540965
10.8784 0.059736848273849605
10.928299999999998 0.058857087257660506
10.9782 0.057994312870025495
11.0281 0.05714796322412778
11.078 0.05631747643315057
11.127899999999999 0.055502290610277005
11.1778 0.05470184386869025
11.227699999999999 0.05391557454148454
11.2776 0.05314301213602399
11.327499999999999 0.05238391767535541
11.3774 0.05163808838282487
11.427299999999999 0.050905321481778495
11.477199999999998 0.05018541419556236
11.5271 0.04947816374752252
11.577 0.048783367361005164
11.6269 0.04810082225935634
11.676799999999998 0.04743032566592215
11.7267 0.04677167480404866
11.7766 0.046124666897082
11.8265 0.04548909916836827
11.876399999999999 0.044864768841253566
11.9263 0.044251473139083945
11.976199999999999 0.043649009285205556
12.0261 0.04305717450296445
12.076 0.04247576601570675
12.1259 0.04190458104677856
12.175799999999999 0.041343416819525976
12.225699999999998 0.04079207055729508
12.2756 0.04025033948343193
12.3255 0.0397180208212827
12.375399999999999 0.03919491179419345
12.425299999999998 0.038680809625510286
12.4752 0.038175511538579274
12.5251 0.03767881475674653
12.575 0.03719051650335817
12.624899999999998 0.03671041854387292
12.6748 0.03623836648168479
12.724699999999999 0.035774230456668166
12.7746 0.03531788087807322
12.8245 0.03486918815515017
12.8744 0.03442802269714926
12.924299999999999 0.03399425491332066
12.974199999999998 0.033567755212914586
13.0241 0.033148394005181214
13.074 0.03273604169937081
13.123899999999999 0.03233056870473356
13.173799999999998 0.03193184543051966
13.2237 0.031539742285979305
13.2736 0.031154129680362727
13.3235 0.030774878022920137
13.373399999999998 0.03040185772290173
13.4233 0.030034939189557703
13.473199999999999 0.029673992832138285
13.5231 0.029318889059893667
13.573 0.028969498282074055
13.6229 0.028625690907929685
13.672799999999999 0.02828733734671074
13.722699999999998 0.02795430800766743
13.7726 0.027626473300049942
13.8225 0.02730370363310853
13.872399999999999 0.02698586941609337
13.922299999999998 0.02667284105825468
13.972199999999999 0.026364488968842654
14.0221 0.026060683557107507
14.072 0.025761295232299457
14.1219 0.025466194403668693
14.1718 0.0251752620421151
14.221699999999998 0.024888430041408907
14.2716 0.024605645622916533
14.3215 0.024326856011073986
14.3714 0.024052008430317292
14.421299999999999 0.023781050105082444
14.471199999999998 0.023513928259805444
14.5211 0.02325059011892229
14.571 0.02299098290686902
14.620899999999999 0.022735053848081624
14.670799999999998 0.022482750166996107
14.720699999999999 0.022234019088048465
14.7706 0.021988807835674723
14.8205 0.021747063634310886
14.8704 0.02150873370839295
14.9203 0.021273765282356936
14.970199999999998 0.021042105580638844
15.0201 0.020813701827674672
15.07 0.020588501247900435
15.1199 0.020366451065752147
15.169799999999999 0.020147498505665808
15.219699999999998 0.019931590792077424
15.2696 0.019718675149422986
15.3195 0.019508698802138534
15.369399999999999 0.01930160897466006
15.4193 0.019097352891423558
15.469199999999999 0.018895877776865053
15.5191 0.01869713085542054
15.568999999999999 0.018501059351526034
15.6189 0.018307610489617532
15.6688 0.018116731494131053
15.718699999999998 0.0179283695895026
15.7686 0.017742472000168173
15.8185 0.01755898595056378
15.8684 0.01737785891810071
15.918299999999999 0.017199048899438116
15.968199999999998 0.017022527966050163
16.0181 0.016848269172453727
16.068 0.01667624557316572
16.117900000000002 0.016506430222703025
16.1678 0.01633879617558255
16.2177 0.016173316486321164
16.2676 0.01600996420943577
16.317500000000003 0.015848712399443257
16.3674 0.01568953411086053
16.4173 0.01553240239820446
16.467200000000002 0.015377290315991948
16.5171 0.015224170918739899
16.567 0.015073017260965185
16.616899999999998 0.014923802397184714
16.666800000000002 0.014776499381915352
16.716700000000003 0.01463108126967402
16.7666 0.01448752111497761
16.8165 0.014345791972342996
16.8664 0.014205866896287087
16.9163 0.014067718941326756
16.9662 0.013931321161978906
17.0161 0.01379664661276043
17.066000000000003 0.013663668348188218
17.1159 0.013532359422779174
17.1658 0.013402692891050168
17.215700000000002 0.013274641807518103
17.2656 0.01314817922669988
17.3155 0.013023278203112377
17.365399999999998 0.012899911791272495
17.415300000000002 0.01277805304569711
17.465200000000003 0.012657675020903134
17.5151 0.01253875077140746
17.565 0.012421253351726964
17.6149 0.012305155816378555
17.6648 0.01219043121987911
17.7147 0.012077052616745524
17.7646 0.011964993061494695
17.814500000000002 0.011854226171360144
17.8644 0.01174473302297887
17.9143 0.011636499980521235
17.9642 0.011529513520310791
18.0141 0.011423760118671092
18.064 0.01131922625192567
18.1139 0.011215898396398078
18.163800000000002 0.011113763028411862
18.213700000000003 0.01101280662429057
18.2636 0.010913015660357754
18.3135 0.010814376612936948
18.3634 0.010716875958351713
18.4133 0.010620500172925578
18.4632 0.0105252357329821
18.5131 0.010431069114844824
18.563000000000002 0.010337986794837297
18.6129 0.010245975249283069
18.6628 0.010155020954505678
18.7127 0.010065110386828674
18.7626 0.00997623002257561
18.8125 0.009888366338070022
18.8624 0.009801505809635461
18.912300000000002 0.009715634913595474
18.962200000000003 0.009630740126273605
19.0121 0.00954680792399341
19.062 0.009463824783078422
19.1119 0.0093817771798522
19.1618 0.009300651590638276
19.2117 0.009220434491760205
19.2616 0.009141112359541534
19.311500000000002 0.009062671670305807
19.3614 0.00898509890037658
19.4113 0.008908380526077382
19.4612 0.008832503023731769
19.5111 0.008757452869663293
19.561 0.00868321654019549
19.6109 0.00860978051165191
19.660800000000002 0.0085371312603561
19.710700000000003 0.008465255262631607
19.7606 0.008394138994801983
19.8105 0.008323768933190763
19.8604 0.008254131554121504
19.9103 0.008185213333917743
19.9602 0.008117000752558832
20.0101 0.00804948209884833
20.060000000000002 0.007982650388491778
20.1099 0.007916499399745095
20.1598 0.00785102291086419
20.2097 0.007786214700104989
20.2596 0.007722068545723414
20.3095 0.007658578225975374
20.3594 0.007595737519116793
20.4093 0.007533540203403589
20.459200000000003 0.007471980057091682
20.5091 0.007411050858436994
20.559 0.007350746385695435
20.6089 0.007291060417122932
20.6588 0.007231986730975396
20.708700000000004 0.007173519105508746
20.7586 0.007115651318978912
20.808500000000002 0.007058377149641801
20.8584 0.0070016903757533396
20.9083 0.006945584775569438
20.9582 0.0068900541273460205
21.0081 0.006835092209339008
21.058 0.006780692799804312
21.1079 0.006726849676997855
21.1578 0.006673556619175556
21.207700000000003 0.006620807404593334
21.2576 0.006568595811507111
21.3075 0.006516915618172797
21.3574 0.00646576060284632
21.4073 0.0064151245437835906
21.457200000000004 0.006365001219240527
21.5071 0.006315384407473059
21.557000000000002 0.006266267886737096
21.6069 0.006217645435288561
21.6568 0.006169510831383368
21.7067 0.006121857853277439
21.7566 0.0060746802792266946
21.8065 0.006027971887487047
21.8564 0.00598172645631442
21.9063 0.0059359377639647305
21.956200000000003 0.005890599588693898
22.0061 0.005845705708757844
22.056 0.005801249902412481
22.1059 0.005757225947913735
22.1558 0.005713627623517516
22.205700000000004 0.005670448707479745
22.2556 0.00562768297805635
22.305500000000002 0.005585324213503237
22.3554 0.005543366192076335
22.4053 0.005501802717188976
22.4552 0.005460628793789647
22.5051 0.005419841130915295
22.555 0.005379436567133966
22.6049 0.0053394119410137145
22.6548 0.005299764091122591
22.704700000000003 0.005260489856028648
22.7546 0.005221586074299941
22.8045 0.005183049584504514
22.8544 0.005144877225210426
22.9043 0.005107065834985721
22.954200000000004 0.005069612252398454
23.0041 0.005032513316016682
23.054000000000002 0.0049957658644084494
23.1039 0.004959366736141814
23.1538 0.004923312769784821
23.2037 0.004887600803905525
23.2536 0.004852227677071981
23.3035 0.004817190227852234
23.3534 0.004782485294814341
23.4033 0.004748109716526351
23.453200000000002 0.004714060331556316
23.5031 0.004680333978472292
23.553 0.004646927495842323
23.602899999999998 0.004613837722234468
23.6528 0.004581061496216773
23.702700000000004 0.00454859565635729
23.7526 0.004516437041224076
23.802500000000002 0.004484582489385177
23.8524 0.00445302883940865
23.9023 0.004421772929862542
23.9522 0.0043908115993149055
24.0021 0.004360141686333795
24.052000000000003 0.004329760029487256
24.1019 0.0042996634673433485
24.1518 0.0042698488384701186
24.201700000000002 0.004240312981435619
24.2516 0.004211052734807904
24.3015 0.00418206493715502
24.351399999999998 0.004153346427045025
24.4013 0.004124894043045965
24.451200000000004 0.004096704623725892
24.5011 0.004068775007652863
24.551000000000002 0.004041102033394925
24.6009 0.004013682539520134
24.6508 0.003986513364596535
24.7007 0.003959591347192184
24.7506 0.003932913325875135
24.800500000000003 0.003906476139213432
24.8504 0.0038802766257751355
24.9003 0.0038543116241282916
24.950200000000002 0.003828577972840953
25.0001 0.0038030725104811736
25.05 0.0037777920756170017
25.099899999999998 0.0037527335068164927
25.1498 0.00372789369715596
25.199700000000004 0.0037032703021407805
25.2496 0.0036788615381349453
25.299500000000002 0.0036546656345014467
25.3494 0.003630680820603285
25.3993 0.0036069053258034538
25.4492 0.003583337379464952
25.4991 0.0035599752109507785
25.549000000000003 0.003536817049623926
25.5989 0.0035138611248473972
25.6488 0.0034911056659841853
25.698700000000002 0.0034685489023972885
25.7486 0.0034461890634497057
25.7985 0.003424024378504431
25.848399999999998 0.0034020530769244646
25.8983 0.0033802733880728005
25.948200000000003 0.003358683541312436
25.9981 0.0033372817660063726
26.048000000000002 0.0033160662915176034
26.0979 0.0032950353472091277
26.1478 0.0032741871624439407
26.1977 0.00325351996658504
26.2476 0.0032330319889954254
26.297500000000003 0.0032127214590380888
26.3474 0.0031925866060760334
26.3973 0.003172625659472252
26.447200000000002 0.003152836848589743
26.4971 0.0031332184027915056
26.547 0.0031137685514405333
26.596899999999998 0.003094485523899827
26.6468 0.00307536754953238
26.696700000000003 0.0030564128577011906
26.7466 0.003037619677769259
26.7965 0.003018986239099579
26.8464 0.00300051077105515
26.8963 0.0029821915029989666
26.9462 0.0029640266642940276
26.9961 0.0029460144843033312
27.046000000000003 0.0029281531923898707
27.0959 0.0029104410179166484
27.1458 0.0028928761902466574
27.195700000000002 0.0028754569387428965
27.2456 0.002858181492768364
27.2955 0.0028410480816860547
27.345399999999998 0.002824054934858968
27.395300000000002 0.002807200281650097
27.445200000000003 0.0027904823514224436
27.4951 0.0027738993735390034
27.545 0.0027574495773627725
27.5949 0.0027411311922567504
27.6448 0.002724942447583931
27.6947 0.002708881572707313
27.7446 0.002692946796989895
27.794500000000003 0.0026771363497946708
27.8444 0.002661448460484641
27.8943 0.002645881358422801
27.944200000000002 0.002630433272972148
27.9941 0.0026151024334956805
28.044 0.0025998870693563934
28.093899999999998 0.0025847854099172868
28.143800000000002 0.002569795684541353
28.193700000000003 0.0025549161238130596
28.2436 0.0025401452367689883
28.2935 0.002525482163570716
28.3434 0.0025109261313247364
28.3933 0.0024964763671375388
28.4432 0.0024821320981156165
28.4931 0.0024678925513654617
28.543000000000003 0.002453756953993563
28.5929 0.002439724533106416
28.6428 0.00242579451581051
28.692700000000002 0.0024119661292123368
28.7426 0.002398238600418389
28.7925 0.002384611156535157
28.842399999999998 0.002371083024669134
28.892300000000002 0.002357653431926808
28.942200000000003 0.002344321605414675
28.9921 0.0023310867722392253
29.042 0.0023179481595069495
29.0919 0.0023049049943243407
29.1418 0.0022919565037978888
29.1917 0.0022791019150340862
29.2416 0.0022663404551394256
29.291500000000003 0.0022536713512203957
29.3414 0.002241093830383492
29.3913 0.002228607119735203
29.441200000000002 0.002216210446382022
29.4911 0.0022039030374304412
29.541 0.0021916841199869502
29.590899999999998 0.0021795529211580426
29.640800000000002 0.002167508668050207
29.690700000000003 0.002155550587769938
29.7406 0.0021436779074237274
29.7905 0.002131889854118065
29.8404 0.002120185654959444
29.8903 0.0021085645370543544
29.9402 0.0020970257275092887
29.990099999999998 0.002085568453430739
30.040000000000003 0.002074191941925195
30.0899 0.0020628954200991516
30.1398 0.0020516781150590976
30.189700000000002 0.0020405392539115256
30.2396 0.002029478063762928
30.2895 0.002018493771719795
30.339399999999998 0.0020075856048886198
30.389300000000002 0.0019967527903758915
30.439200000000003 0.001985994555288104
30.4891 0.0019753101267317493
30.539 0.001964698731813317
30.5889 0.001954159597639301
30.6388 0.0019436919513161903
30.6887 0.0019332950199504786
30.7386 0.0019229680306486565
30.788500000000003 0.0019127102105172163
30.8384 0.0019025207866626495
30.8883 0.0018923989861914473
30.938200000000002 0.0018823440362101015
30.9881 0.0018723551638251046
31.038 0.0018624315961429465
31.087899999999998 0.0018525725602701205
31.137800000000002 0.0018427772833131163
31.187700000000003 0.0018330449923784275
31.2376 0.0018233749145725453
31.2875 0.0018137662770019605
31.3374 0.0018042183067731661
31.3873 0.0017947302309926521
31.4372 0.001785301276766911
31.4871 0.0017759306712024341
31.537000000000003 0.0017666176414057135
31.5869 0.001757361414483241
31.6368 0.0017481612193351106
31.686700000000002 0.0017390164540906064
31.7366 0.001729926822542472
31.7865 0.0017208920605912648
31.836399999999998 0.001711911904137545
31.886300000000002 0.001702986089081869
31.936200000000003 0.0016941143513247976
31.9861 0.0016852964267668896
32.036 0.0016765320513087022
32.085899999999995 0.001667820960850796
32.1358 0.001659162891293726
32.185700000000004 0.0016505575785380542
32.2356 0.0016420047584843399
32.2855 0.0016335041670331387
32.3354 0.0016250555400850108
32.3853 0.001616658613540515
32.4352 0.0016083131233002098
32.4851 0.0016000188052646537
32.535000000000004 0.0015917753953344055
32.5849 0.001583582629410025
32.6348 0.0015754402433920689
32.6847 0.0015673479731810964
32.7346 0.0015593055546776666
32.7845 0.001551312723782338
32.8344 0.0015433692163956693
32.884299999999996 0.0015354747684182203
32.9342 0.0015276291157505476
32.9841 0.0015198319942932106
33.034 0.0015120831399467682
33.0839 0.001504382288611779
33.133799999999994 0.001496729176188803
33.1837 0.0014891235385783952
33.2336 0.0014815651116811177
33.283500000000004 0.0014740536313975281
33.333400000000005 0.0014665888336281852
33.3833 0.0014591704542736483
33.4332 0.0014517982292344745
33.4831 0.0014444718944112232
33.533 0.001437191185704453
33.5829 0.0014299558390147228
33.632799999999996 0.001422765590242592
33.6827 0.0014156201752886176
33.7326 0.001408519330053359
33.7825 0.0014014627904373749
33.8324 0.001394450292341224
33.882299999999994 0.001387481571665466
33.9322 0.0013805563643106565
33.9821 0.0013736744061773572
34.032000000000004 0.0013668354331661259
34.081900000000005 0.0013600391811775209
34.1318 0.0013532853861121022
34.1817 0.0013465737838704265
34.2316 0.0013399041103530531
34.2815 0.001333276101460541
34.3314 0.0013266894930934487
34.381299999999996 0.0013201440211523358
34.4312 0.0013136394215377593
34.4811 0.0013071754301502785
34.531 0.0013007517828904523
34.5809 0.0012943682156588395
34.630799999999994 0.001288024464355999
34.6807 0.0012817202648824876
34.7306 0.001275455353138866
34.7805 0.0012692294650256922
34.830400000000004 0.0012630423364435252
34.8803 0.0012568937032929241
34.9302 0.0012507833014744458
34.9801 0.0012447108668886503
35.03 0.0012386761354360957
35.0799 0.001232678843017341
35.129799999999996 0.0012267187255329457
35.1797 0.0012207955188834664
35.2296 0.001214908958969463
35.2795 0.0012090587816914944
35.3294 0.0012032447229501188
35.37929999999999 0.0011974665186458959
35.4292 0.0011917239046793818
35.4791 0.0011860166169511376
35.529 0.0011803444007137535
35.578900000000004 0.0011747070431586645
35.6288 0.0011691043432286031
35.6787 0.001163536099866881
35.7286 0.001158002112016811
35.7785 0.0011525021786217057
35.8284 0.0011470360986248773
35.878299999999996 0.0011416036709696394
35.9282 0.0011362046945993028
35.9781 0.0011308389684571809
36.028 0.0011255062914865858
36.0779 0.0011202064626308302
36.1278 0.0011149392808332268
36.1777 0.0011097045450370875
36.2276 0.0011045020541857254
36.2775 0.0010993316072224525
36.327400000000004 0.0010941930030905814
36.3773 0.0010890860407334253
36.4272 0.0010840105190942954
36.4771 0.0010789662371165046
36.527 0.0010739529937433656
36.5769 0.0010689705879181907
36.626799999999996 0.0010640188185842931
36.6767 0.0010590974846849842
36.7266 0.0010542063851635766
36.7765 0.0010493453189633832
36.8264 0.0010445140850277165
36.8763 0.0010397124822998885
36.9262 0.0010349403097232122
36.9761 0.0010301973662409996
37.026 0.0010254834507965635
37.075900000000004 0.0010207983623332164
37.1258 0.0010161418997942711
37.1757 0.0010115138621230393
37.2256 0.0010069140482628334
37.2755 0.0010023422571569665
37.3254 0.0009977982877487509
37.375299999999996 0.0009932819389814995
37.4252 0.0009887930097985237
37.4751 0.0009843312991431364
37.525 0.0009798966059586503
37.5749 0.0009754887291883779
37.6248 0.0009711074677756315
37.6747 0.0009667526206637235
37.7246 0.0009624239867959666
37.7745 0.0009581213651156731
37.824400000000004 0.0009538445545661556
37.8743 0.0009495933540907271
37.9242 0.0009453675626326988
37.9741 0.0009411669791353839
38.024 0.0009369914025420948
38.0739 0.0009328406317961439
38.123799999999996 0.0009287144658408445
38.1737 0.0009246127036195077
38.2236 0.0009205351440754466
38.2735 0.0009164815861519736
38.3234 0.0009124518287924011
38.3733 0.0009084456709400419
38.4232 0.0009044629115382082
38.4731 0.0009005033495302126
38.523 0.0008965667838593675
38.572900000000004 0.0008926530134689853
38.6228 0.0008887618373023792
38.6727 0.0008848930543028605
38.7226 0.000881046463413742
38.7725 0.0008772218635783365
38.8224 0.0008734190537399563
38.872299999999996 0.0008696378328419145
38.9222 0.0008658779998275223
38.9721 0.000862139353640093
39.022 0.0008584216932229389
39.0719 0.0008547248175193724
39.1218 0.000851048525472706
39.1717 0.0008473926160262523
39.2216 0.0008437568881233238
39.2715 0.0008401411407072327
39.321400000000004 0.0008365451727212916
39.3713 0.0008329687831088137
39.4212 0.0008294117708131102
39.4711 0.0008258739347774941
39.521 0.0008223550739452779
39.5709 0.0008188549872597741
39.620799999999996 0.0008153734736642956
39.6707 0.000811910332102154
39.7206 0.0008084653615166623
39.7705 0.0008050383608511326
39.8204 0.000801629129184239
39.8703 0.0007982374990372435
39.9202 0.0007948633800237507
39.9701 0.000791506692583562
40.02 0.000788167357156479
40.069900000000004 0.0007848452941823029
40.1198 0.0007815404241008358
40.1697 0.0007782526673518781
40.2196 0.0007749819443752316
40.2695 0.0007717281756106977
40.3194 0.0007684912814980779
40.369299999999996 0.0007652711824771742
40.4192 0.0007620677989877869
40.4691 0.0007588810514697179
40.519 0.0007557108603627688
40.568900000000006 0.0007525571461067403
40.6188 0.0007494198291414353
40.6687 0.0007462988299066539
40.7186 0.0007431940688421978
40.7685 0.0007401054663878687
40.818400000000004 0.0007370329429834677
40.8683 0.0007339764190687968
40.9182 0.0007309358150836567
40.9681 0.0007279110514678489
41.018 0.0007249020486611751
41.0679 0.0007219087271034367
41.117799999999995 0.0007189310072344353
41.167699999999996 0.0007159688094939717
41.2176 0.0007130220543218477
41.2675 0.0007100906621578647
41.317400000000006 0.0007071745534418237
41.3673 0.0007042736486135273
41.4172 0.0007013878681127757
41.4671 0.0006985171323793708
41.517 0.000695661361853114
41.566900000000004 0.0006928204769738066
41.6168 0.0006899943981812505
41.6667 0.0006871830459152464
41.7166 0.000684386340615596
41.7665 0.0006816042027221007
41.8164 0.000678836552674562
41.866299999999995 0.0006760833109127816
41.916199999999996 0.0006733443978765602
41.9661 0.0006706197340056997
42.016 0.0006679092397400013
42.065900000000006 0.0006652128355192663
42.1158 0.0006625304417832969
42.1657 0.0006598619789718939
42.2156 0.0006572073675248586
42.2655 0.0006545665278819925
42.315400000000004 0.0006519393804830972
42.3653 0.0006493258457679744
42.4152 0.0006467258441764248
42.4651 0.0006441392961482502
42.515 0.0006415661221232519
42.5649 0.0006390062425412314
42.614799999999995 0.0006364595778419905
42.664699999999996 0.0006339260484653299
42.7146 0.0006314055748510512
42.7645 0.0006288980774389561
42.814400000000006 0.0006264034766688454
42.8643 0.0006239216929805219
42.9142 0.0006214526468137855
42.9641 0.0006189962586084383
43.014 0.0006165524488042816
43.063900000000004 0.000614121137841117
43.1138 0.0006117022461587459
43.1637 0.0006092956941969694
43.2136 0.000606901402395589
43.2635 0.0006045192911944062
43.3134 0.0006021492810332225
43.363299999999995 0.0005997912923518396
43.413199999999996 0.0005974452455900581
43.4631 0.0005951110611876799
43.513 0.0005927886595845065
43.562900000000006 0.0005904779612203387
43.6128 0.0005881788865349792
43.6627 0.0005858913559682283
43.7126 0.0005836152899598877
43.7625 0.0005813506089497589
43.812400000000004 0.0005790972333776433
43.8623 0.0005768550836833425
43.9122 0.0005746240803066575
43.9621 0.0005724041436873899
44.012 0.0005701951942653411
44.0619 0.0005679971524803127
44.111799999999995 0.0005658099387721061
44.161699999999996 0.0005636334735805224
44.2116 0.0005614676773453631
44.2615 0.0005593124705064299
44.311400000000006 0.0005571677735035235
44.3613 0.0005550335067764467
44.4112 0.0005529095907649995
44.4611 0.0005507959459089841
44.511 0.0005486924926482017
44.560900000000004 0.0005465991514224536
44.6108 0.0005445158426715417
44.6607 0.0005424424868352666
44.7106 0.0005403790081846798
44.7605 0.0005383253548884752
44.8104 0.0005362814843129287
44.860299999999995 0.000534247353843595
44.910199999999996 0.0005322229208660282
44.9601 0.0005302081427657831
45.01 0.0005282029769284142
45.059900000000006 0.0005262073807394759
45.1098 0.0005242213115845234
45.1597 0.0005222447268491106
45.2096 0.0005202775839187922
45.2595 0.0005183198401791228
45.309400000000004 0.000516371453015657
45.3593 0.0005144323798139495
45.4092 0.0005125025779595544
45.4591 0.0005105820048380266
45.509 0.0005086706178349205
45.5589 0.0005067683743357908
45.608799999999995 0.0005048752317261922
45.658699999999996 0.0005029911473916788
45.7086 0.0005011160787178053
45.7585 0.0004992499830901263
45.808400000000006 0.0004973928178941962
45.8583 0.0004955445405155703
45.9082 0.0004937051083398023
45.9581 0.000491874478752447
46.008 0.000490052609139059
46.057900000000004 0.00048823945688519294
46.1078 0.0004864349793764035
46.1577 0.0004846391339982447
46.2076 0.0004828518781362715
46.2575 0.0004810731691760383
46.3074 0.00047930296450309976
46.357299999999995 0.0004775412215030106
46.407199999999996 0.00047578789756132494
46.4571 0.00047404295006359755
46.507 0.000472306336395383
46.556900000000006 0.00047057801394223553
46.6068 0.00046885794008971055
46.6567 0.0004671460722233618
46.7066 0.00046544236772874404
46.7565 0.0004637467839914119
46.806400000000004 0.0004620592783969199
46.8563 0.00046037980833082287
46.9062 0.0004587083311786748
46.9561 0.00045704480432603057
47.006 0.00045538918515844473
47.0559 0.00045374143106147175
47.105799999999995 0.0004521014994206665
47.155699999999996 0.000450469347621583
47.2056 0.00044884493304977606
47.255500000000005 0.00044722821309080003
47.305400000000006 0.0004456191451302099
47.3553 0.00044401768655356026
47.4052 0.00044242379474640514
47.4551 0.00044083742709429935
47.505 0.00043925854098279745
47.5549 0.00043768709379745404
47.6048 0.00043612304292382374
47.6547 0.0004345663457474609
47.7046 0.00043301695965392
47.7545 0.00043147484202875585
47.8044 0.0004299399502575229
47.854299999999995 0.00042841224172577593
47.904199999999996 0.000426891673819069
47.9541 0.000425378203922957
48.004000000000005 0.00042387178942299413
48.053900000000006 0.0004223723877047355
48.1038 0.0004208799561537356
48.1537 0.00041939445215554853
48.2036 0.0004179158330957291
48.2535 0.00041644405635983187
48.3034 0.00041497907933341137
48.3533 0.0004135208594020223
48.4032 0.00041206935395121896
48.4531 0.00041062452036655595
48.503 0.00040918631603358794
48.5529 0.0004077546983378694
48.602799999999995 0.00040632962466495505
48.652699999999996 0.00040491105240039916
48.7026 0.0004034989389297564
48.752500000000005 0.0004020932416385812
48.802400000000006 0.00040069391791242845
48.8523 0.00039930092513685265
48.9022 0.00039791422069740813
48.9521 0.00039653376197964943
49.002 0.00039515950636913127
49.0519 0.0003937914112514081
49.1018 0.00039242943401203466
49.1517 0.0003910735320365652
49.2016 0.00038972366271055453
49.2515 0.000388379783419557
49.3014 0.0003870418515491272
49.351299999999995 0.0003857098244848201
49.401199999999996 0.0003843836596121896
49.4511 0.0003830633143167905
49.501000000000005 0.0003817487459841773
49.550900000000006 0.00038043991199990484
49.6008 0.00037913676974952765
49.6507 0.0003778392766185999
49.7006 0.00037654738999267647
49.7505 0.0003752610672573117
49.8004 0.0003739802657980603
49.8503 0.00037270494300047693
49.9002 0.0003714350562501159
49.9501 0.0003701705629325317
50 0.0003689114204332792
