0.1 8138.2
0.1499 4888.052827721424
0.1998 3203.6292090759284
0.2497 2214.395360463773
0.2996 1602.137654914103
0.34950000000000003 1203.0718284715235
0.3994 930.9659850374022
0.44930000000000003 736.7235904935585
0.4992 594.3538399652723
0.5490999999999999 487.5014987186805
0.599 405.6024946368653
0.6488999999999999 341.66930871349234
0.6988 290.88947590651077
0.7486999999999999 249.94559882618086
0.7986 216.52668992740962
0.8485 188.89192427882924
0.8984 165.87563433960972
0.9482999999999999 146.52906506797848
0.9981999999999999 130.1815804418034
1.0481 116.24394082466968
1.098 104.2891153388569
1.1479 93.93986565251637
1.1978 84.91613398971764
1.2477 77.03033229824254
1.2976 70.10383914036869
1.3475000000000001 64.00040210557286
1.3974 58.604098668033686
1.4473 53.802140099597146
1.4972 49.51304885404258
1.5471 45.67394953719281
1.5970000000000002 42.22228240212734
1.6469 39.10464059744662
1.6968 36.28576481647092
1.7467000000000001 33.73253355534166
1.7966 31.41194636756699
1.8465 29.296784587102216
1.8963999999999999 27.368029612080264
1.9463000000000001 25.60728614361161
1.9962000000000002 23.99615889009088
2.0461 22.51756243118344
2.096 21.15937496871467
2.1459 19.910650239012327
2.1957999999999998 18.76044197840417
2.2457 17.69780616997727
2.2956 16.712996509564157
2.3455 15.799432883873271
2.3954 14.951052350789054
2.4453 14.161791968195939
2.4952 13.42558879397836
2.5451 12.736561462356542
2.595 12.090949699501834
2.6449000000000003 11.486366569026076
2.6948 10.920448244246561
2.7447 10.390830898480571
2.7946 9.895150705045397
2.8445 9.43105166151831
2.8944 8.996339648599259
2.9442999999999997 8.588972983035614
2.9941999999999998 8.20691591427793
3.0441 7.848132691776771
3.0940000000000003 7.5105875649826945
3.1439000000000004 7.192244783346268
3.1938 6.891119527095939
3.2437 6.605902117727835
3.2936 6.335761444764215
3.3435 6.0798765485704855
3.3934 5.8374264695120495
3.4433 5.607590247954315
3.4932 5.389546924262682
3.5431 5.1824755388025565
3.593 4.98559810625091
3.6429 4.798369222049926
3.6927999999999996 4.620321801634659
3.7426999999999997 4.450988819784579
3.7926 4.289903251279161
3.8425000000000002 4.1365980708978825
3.8924000000000003 3.990606253420217
3.9423 3.8514607736256394
3.9922 3.7186949768898416
4.0421 3.5919022327798595
4.092 3.4708017036446415
4.1419 3.3551283798762435
4.1918 3.244617251866721
4.2417 3.1390033100081283
4.291599999999999 3.0380215446925227
4.3415 2.9414069463119534
4.391399999999999 2.8488945052584826
4.4413 2.760219211924158
4.491199999999999 2.6751186525394757
4.541099999999999 2.5933933250270047
4.590999999999999 2.514908474233571
4.640899999999999 2.439532307986004
4.690799999999999 2.3671330341111343
4.7406999999999995 2.297578860435791
4.7905999999999995 2.230737994786805
4.8405 2.1664786449910043
4.8904 2.1046690188752204
4.9403 2.045177324266282
4.9902 1.9878717689910193
5.040099999999999 1.9326225000189265
5.09 1.8793331000010722
5.139899999999999 1.8279353569069898
5.1898 1.7783619422775805
5.239699999999999 1.7305455276537531
5.289599999999999 1.68441878457641
5.339499999999999 1.6399143845864572
5.389399999999999 1.5969649992248
5.4393 1.5555033000323426
5.489199999999999 1.5154619585499924
5.5390999999999995 1.4767736463186525
5.5889999999999995 1.4393710348792284
5.6389 1.4031869553997918
5.6888 1.3681655912512714
5.7387 1.3342698259048609
5.788599999999999 1.301464287798029
5.8385 1.2697136053682412
5.888399999999999 1.2389824070529676
5.9383 1.209235321289674
5.988199999999999 1.1804369765158298
6.038099999999999 1.152552001168901
6.088 1.1255450236863558
6.137899999999999 1.0993806725056627
6.1878 1.0740235760642882
6.237699999999999 1.0494383627997013
6.287599999999999 1.0255896611493682
6.3374999999999995 1.0024425691357455
6.3873999999999995 0.9799704886123273
6.4373 0.9581539373907054
6.4872 0.9369736635165664
6.537099999999999 0.9164104150355973
6.587 0.8964449399934833
6.636899999999999 0.8770579864359126
6.6868 0.8582303024085703
6.736699999999999 0.8399426359571445
6.786599999999999 0.8221757351273203
6.8365 0.8049103479647848
6.886399999999999 0.788127222515225
6.9363 0.7718071068243266
6.986199999999999 0.7559307489377771
7.036099999999999 0.7404788969012623
7.085999999999999 0.725432302461851
7.1358999999999995 0.7107741205879368
7.1857999999999995 0.6964940454821708
7.2357 0.682582873122413
7.285599999999999 0.6690313994865235
7.3355 0.6558304205523614
7.385399999999999 0.6429707322977877
7.4353 0.6304431307006612
7.4852 0.6182384117388425
7.535099999999999 0.6063473713901916
7.585 0.5947608056325675
7.634899999999999 0.5834695104438312
7.6848 0.5724642818018417
7.734699999999999 0.5617359156844597
7.784599999999999 0.5512752080695443
7.834499999999999 0.5410729549349559
7.884399999999999 0.5311199522585541
7.9342999999999995 0.521406996018199
7.9841999999999995 0.5119252516807908
8.034099999999999 0.5026684496215399
8.084 0.49363140798105454
8.133899999999999 0.4848089488368876
8.1838 0.4761958942665906
8.233699999999999 0.4677870663477165
8.2836 0.45957728715781687
8.333499999999999 0.4515613787744445
8.3834 0.4437341632751512
8.4333 0.4360904627374896
8.483199999999998 0.4286250992390117
8.5331 0.4213328948572695
8.583 0.41420867166981545
8.6329 0.40724725175420207
8.682799999999999 0.4004434571879813
8.732699999999998 0.3937921100487054
8.7826 0.3872880324139261
8.8325 0.38092604636119665
8.882399999999999 0.3747009739680687
8.9323 0.3686076645985026
8.982199999999999 0.36264204875082656
9.0321 0.35680147325757017
9.081999999999999 0.3510833808141033
9.1319 0.34548521411579497
9.181799999999999 0.34000441585801516
9.231699999999998 0.33463842873613314
9.2816 0.3293846954455181
9.3315 0.3242406586815399
9.3814 0.3192037611395681
9.431299999999998 0.314271445514972
9.4812 0.3094411545031209
9.5311 0.3047103307993845
9.581 0.30007641709913246
9.630899999999999 0.29553685609773406
9.6808 0.29108909049055864
9.730699999999999 0.286730562972976
9.7806 0.28245871624035535
9.830499999999999 0.27827099298806646
9.8804 0.2741648359114785
9.930299999999999 0.27013768770596125
9.980199999999998 0.2661869910668841
10.0301 0.2623102361706119
10.08 0.25850561470577793
10.1299 0.2547718538483466
10.179799999999998 0.2511076942892776
10.2297 0.24751187671953037
10.2796 0.2439831418300648
10.3295 0.24052023031184067
10.379399999999999 0.23712188285581756
10.4293 0.23378684015295506
10.479199999999999 0.2305138428942131
10.5291 0.2273016317705511
10.578999999999999 0.22414894747292902
10.6289 0.2210545306923063
10.678799999999999 0.21801712211964291
10.728699999999998 0.21503546244589833
10.7786 0.21210829236203216
10.8285 0.20923435255900444
10.8784 0.20641238372777465
10.928299999999998 0.2036411265593025
10.9782 0.2009193217445476
11.0281 0.19824570997446972
11.078 0.19561903194002866
11.127899999999999 0.19303802833218403
11.1778 0.19050143984189538
11.227699999999999 0.18800800752631738
11.2776 0.18555662426555186
11.327499999999999 0.1831465684584811
11.3774 0.18077717878454813
11.427299999999999 0.17844779392319637
11.477199999999998 0.17615775255386887
11.5271 0.1739063933560087
11.577 0.17169305500905935
11.6269 0.16951707619246387
11.676799999999998 0.16737779558566548
11.7267 0.16527455186810724
11.7766 0.1632066837192325
11.8265 0.16117352981848446
11.876399999999999 0.15917442884530628
11.9263 0.15720871947914106
11.976199999999999 0.15527574039943215
12.0261 0.1533748302856226
12.076 0.1515053278171557
12.1259 0.14966657167347466
12.175799999999999 0.14785790053402267
12.225699999999998 0.1460786530782429
12.2756 0.1443281679855784
12.3255 0.14260578393547263
12.375399999999999 0.14091083960736867
12.425299999999998 0.1392426736807097
12.4752 0.13760062483493887
12.5251 0.13598403174949944
12.575 0.13439223310383466
12.624899999999998 0.13282458732936517
12.6748 0.13128064349257074
12.724699999999999 0.12976005736006085
12.7746 0.12826248586986133
12.8245 0.1267875859599982
12.8744 0.12533501456849738
12.924299999999999 0.1239044286333848
12.974199999999998 0.12249548509268635
13.0241 0.12110784088442789
13.074 0.11974115294663551
13.123899999999999 0.11839507821733507
13.173799999999998 0.1170692736345525
13.2237 0.11576339613631366
13.2736 0.11447710266064454
13.3235 0.11321005014557112
13.373399999999998 0.11196189552911925
13.4233 0.11073229574931487
13.473199999999999 0.10952090774418394
13.5231 0.10832738845175233
13.573 0.10715139481004601
13.6229 0.10599258375709096
13.672799999999999 0.10485061223091305
13.722699999999998 0.10372513716953821
13.7726 0.1026158155109923
13.8225 0.10152230419330138
13.872399999999999 0.10044426015449134
13.922299999999998 0.09938134033258808
13.972199999999999 0.09833320166561751
14.0221 0.09729950109160558
14.072 0.09627989554857826
14.1219 0.09527404197456141
14.1718 0.09428162137121084
14.221699999999998 0.09330243076269215
14.2716 0.09233630209551856
14.3215 0.09138306732319709
14.3714 0.09044255839923471
14.421299999999999 0.08951460727713838
14.471199999999998 0.08859904591041505
14.5211 0.08769570625257163
14.571 0.08680442025711523
14.620899999999999 0.08592501987755273
14.670799999999998 0.08505733706739112
14.720699999999999 0.08420120378013733
14.7706 0.08335645196929836
14.8205 0.08252291358838121
14.8704 0.08170042059089277
14.9203 0.08088880493034012
14.970199999999998 0.08008789856023013
15.0201 0.0792975334340698
15.07 0.07851754150536608
15.1199 0.077747754727626
15.169799999999999 0.07698800505435649
15.219699999999998 0.07623812443906451
15.2696 0.07549794483525699
15.3195 0.07476729819644098
15.369399999999999 0.07404601647612344
15.4193 0.07333393162781127
15.469199999999999 0.0726308756050115
15.5191 0.07193668036123106
15.568999999999999 0.07125117784997696
15.6189 0.07057420002475615
15.6688 0.06990557883907558
15.718699999999998 0.06924514624644225
15.7686 0.06859273420036309
15.8185 0.06794817465434508
15.8684 0.06731130044593232
15.918299999999999 0.06668198117280458
15.968199999999998 0.06606013561791757
16.0181 0.0654456859995281
16.068 0.06483855453589313
16.117900000000002 0.06423866344526946
16.1678 0.06364593494591402
16.2177 0.06306029125608356
16.2676 0.062481654594035
16.317500000000003 0.0619099471780252
16.3674 0.06134509122631106
16.4173 0.06078700895714936
16.467200000000002 0.060235622588797
16.5171 0.05969085433951088
16.567 0.059152626427547775
16.616899999999998 0.05862086107116463
16.666800000000002 0.05809548048861819
16.716700000000003 0.05757640689816544
16.7666 0.05706356251806322
16.8165 0.05655686956656833
16.8664 0.0560562502619377
16.9163 0.055561626822428115
16.9662 0.05507292146629648
17.0161 0.05459005641179965
17.066000000000003 0.05411295387719448
17.1159 0.05364153608073787
17.1658 0.05317572524068662
17.215700000000002 0.05271544357529761
17.2656 0.052260613302827746
17.3155 0.05181115664153381
17.365399999999998 0.051366995809672744
17.415300000000002 0.050928053025501296
17.465200000000003 0.050494250507276434
17.5151 0.05006551047325501
17.565 0.04964175514169383
17.6149 0.04922290673084981
17.6648 0.04880888745897975
17.7147 0.04839961954434055
17.7646 0.04799502520518906
17.814500000000002 0.04759502772812986
17.8644 0.04719956456184539
17.9143 0.04680858319368387
17.9642 0.04642203132392243
18.0141 0.04603985665283822
18.064 0.04566200688070827
18.1139 0.04528842970780971
18.163800000000002 0.04491907283441966
18.213700000000003 0.04455388396081522
18.2636 0.044192810787273516
18.3135 0.0438358010140716
18.3634 0.04348280234148663
18.4133 0.04313376246979565
18.4632 0.04278862909927581
18.5131 0.0424473499302042
18.563000000000002 0.04210987266285793
18.6129 0.04177614499751412
18.6628 0.04144611463444983
18.7127 0.041119729273942196
18.7626 0.040796936616268334
18.8125 0.04047768436170531
18.8624 0.04016192021053025
18.912300000000002 0.03984959186302026
18.962200000000003 0.03954064701945244
19.0121 0.039235033380103916
19.062 0.038932698645251756
19.1119 0.038633590515173094
19.1618 0.03833765669014501
19.2117 0.03804484487044461
19.2616 0.03775510275634901
19.311500000000002 0.03746837804813531
19.3614 0.03718461844608064
19.4113 0.03690377165046206
19.4612 0.036625785361556695
19.5111 0.03635060727964167
19.561 0.03607818510499405
19.6109 0.03580846653789095
19.660800000000002 0.03554139927860949
19.710700000000003 0.03527693102742677
19.7606 0.035015009484619906
19.8105 0.03475558235046597
19.8604 0.034498597325242096
19.9103 0.03424400210922536
19.9602 0.033991744419428205
20.0101 0.03374178025320085
20.060000000000002 0.03349408724644998
20.1099 0.033248646525844264
20.1598 0.03300543921805233
20.2097 0.03276444644974284
20.2596 0.032525649347584465
20.3095 0.03228902903824582
20.3594 0.03205456664839557
20.4093 0.03182224330470238
20.459200000000003 0.031592040133834896
20.5091 0.031363938262461775
20.559 0.03113791881725165
20.6089 0.030913962924873195
20.6588 0.030692051711995037
20.708700000000004 0.030472166305285826
20.7586 0.03025428783141426
20.808500000000002 0.030038397417048942
20.8584 0.029824476188858556
20.9083 0.029612505273511728
20.9582 0.029402465797677114
21.0081 0.02919433888802339
21.058 0.028988105671219178
21.1079 0.028783747273933135
21.1578 0.02858124482283392
21.207700000000003 0.028380579444590187
21.2576 0.028181732265870597
21.3075 0.027984684413343775
21.3574 0.027789417013678402
21.4073 0.0275959111935431
21.457200000000004 0.02740414807960652
21.5071 0.027214108798537355
21.557000000000002 0.02702577447700422
21.6069 0.02683912624167579
21.6568 0.026654145219220687
21.7067 0.02647081253630758
21.7566 0.02628910931960514
21.8065 0.02610901669578198
21.8564 0.02593051579150677
21.9063 0.025753587733448165
21.956200000000003 0.02557821364827481
22.0061 0.025404374662655375
22.056 0.025232051903258487
22.1059 0.02506122649675282
22.1558 0.024891879569806995
22.205700000000004 0.024723992249089673
22.2556 0.024557545661269543
22.305500000000002 0.024392520933015215
22.3554 0.024228899190995364
22.4053 0.024066661633425704
22.4552 0.023905792875658294
22.5051 0.02374628237943073
22.555 0.02358811997486384
22.6049 0.023431295492078497
22.6548 0.023275798761195562
22.704700000000003 0.02312161961233589
22.7546 0.022968747875620348
22.8045 0.022817173381169772
22.8544 0.02266688595910505
22.9043 0.02251787543954701
22.954200000000004 0.02237013165261651
23.0041 0.02222364442843445
23.054000000000002 0.022078403597121644
23.1039 0.021934398988798978
23.1538 0.02179162043358729
23.2037 0.021650057761607444
23.2536 0.02150970080298031
23.3035 0.021370539387826726
23.3534 0.021232563346267563
23.4033 0.021095762508423675
23.453200000000002 0.020960126704415924
23.5031 0.020825645764365172
23.553 0.020692309518392266
23.602899999999998 0.020560107796618075
23.6528 0.020429030429163445
23.702700000000004 0.02029906724614923
23.7526 0.020170208077696317
23.802500000000002 0.020042442753925534
23.8524 0.019915761104957762
23.9023 0.01979015296091384
23.9522 0.019665608151914635
24.0021 0.01954211650808101
24.052000000000003 0.0194196678595338
24.1019 0.0192982520363939
24.1518 0.01917785886878214
24.201700000000002 0.019058478186819383
24.2516 0.018940099820626503
24.3015 0.018822713600324337
24.351399999999998 0.01870630935603376
24.4013 0.01859087691787561
24.451200000000004 0.018476406115970755
24.5011 0.01836288678044007
24.551000000000002 0.01825030874140439
24.6009 0.018138661828984586
24.6508 0.01802793587330151
24.7007 0.017918120704476015
24.7506 0.01780920615262898
24.800500000000003 0.01770118204788123
24.8504 0.01759403822035366
24.9003 0.017487764500167098
24.950200000000002 0.01738235071744242
25.0001 0.01727778670230048
25.05 0.01717406228486213
25.099899999999998 0.017071167295248244
25.1498 0.016969091725246462
25.199700000000004 0.01686782782794309
25.2496 0.01676736951988259
25.299500000000002 0.016667710756163315
25.3494 0.016568845491883658
25.3993 0.01647076768214198
25.4492 0.01637347128203667
25.4991 0.016276950246666106
25.549000000000003 0.01618119853112865
25.5989 0.016086210090522704
25.6488 0.01599197887994663
25.698700000000002 0.015898498854498806
25.7486 0.015805763969277617
25.7985 0.015713768179381433
25.848399999999998 0.015622505439908637
25.8983 0.0155319697059576
25.948200000000003 0.015442154932626694
25.9981 0.01535305507501432
26.048000000000002 0.015264664088218836
26.0979 0.015176975927338628
26.1478 0.015089984547472067
26.1977 0.015003683903717532
26.2476 0.01491806795117341
26.297500000000003 0.014833130644938058
26.3474 0.014748865940109877
26.3973 0.014665267791787229
26.447200000000002 0.014582330155068495
26.4971 0.01450004698505206
26.547 0.01441841223683629
26.596899999999998 0.014337419865519575
26.6468 0.014257063826200277
26.696700000000003 0.014177338073976777
26.7466 0.014098236563947469
26.7965 0.014019753251210713
26.8464 0.013941882090864898
26.8963 0.01386461703800839
26.9462 0.013787952047739572
26.9961 0.013711881075156827
27.046000000000003 0.013636398075358519
27.0959 0.013561497003443043
27.1458 0.013487171814508762
27.195700000000002 0.013413416463654057
27.2456 0.013340224905977315
27.2955 0.013267591096576901
27.345399999999998 0.013195508990551202
27.395300000000002 0.01312397254299858
27.445200000000003 0.013052975709017428
27.4951 0.012982512443706126
27.545 0.012912576702163038
27.5949 0.012843162439486553
27.6448 0.012774263610775037
27.6947 0.012705874171126876
27.7446 0.01263798807564045
27.794500000000003 0.012570599279414122
27.8444 0.01250370173754629
27.8943 0.012437289405135315
27.944200000000002 0.012371356237279581
27.9941 0.01230589618907747
28.044 0.012240903215627348
28.093899999999998 0.012176371272027605
28.143800000000002 0.012112294313376605
28.193700000000003 0.012048666298358813
28.2436 0.011985482003161142
28.2935 0.011922738056878745
28.3434 0.01186043134386677
28.3933 0.011798558748480339
28.4432 0.011737117155074594
28.4931 0.011676103448004672
28.543000000000003 0.011615514511625695
28.5929 0.011555347230292817
28.6428 0.011495598488361156
28.692700000000002 0.011436265170185854
28.7426 0.01137734416012205
28.7925 0.01131883234252487
28.842399999999998 0.011260726601749456
28.892300000000002 0.011203023822150932
28.942200000000003 0.011145720888084442
28.9921 0.011088814683905124
29.042 0.011032302093968105
29.0919 0.010976180002628524
29.1418 0.01092044529424151
29.1917 0.010865094853162203
29.2416 0.01081012556374574
29.291500000000003 0.010755534310347245
29.3414 0.010701317977321866
29.3913 0.010647473449024728
29.441200000000002 0.01059399760981097
29.4911 0.01054088734403573
29.541 0.010488139536054136
29.590899999999998 0.010435751070221327
29.640800000000002 0.01038371883089243
29.690700000000003 0.01033203970242259
29.7406 0.010280710569166941
29.7905 0.01022972831548061
29.8404 0.010179089825718742
29.8903 0.010128791984236461
29.9402 0.010078831675388908
29.990099999999998 0.010029205783531218
30.040000000000003 0.009979911193018519
30.0899 0.009930944788205958
30.1398 0.009882303453448657
30.189700000000002 0.009833984073101758
30.2396 0.009785983531520397
30.2895 0.009738298713059703
30.339399999999998 0.009690926502074816
30.389300000000002 0.009643863782920863
30.439200000000003 0.009597107439952986
30.4891 0.009550654357526323
30.539 0.009504501419995998
30.5889 0.009458645511717156
30.6388 0.009413083517044923
30.6887 0.00936781232033444
30.7386 0.009322828805940837
30.788500000000003 0.009278129858219252
30.8384 0.009233712361524822
30.8883 0.009189573200212676
30.938200000000002 0.00914570925863795
30.9881 0.009102117421155784
31.038 0.009058794572121307
31.087899999999998 0.009015737595889656
31.137800000000002 0.008972943376815963
31.187700000000003 0.008930408799255366
31.2376 0.008888130747563002
31.2875 0.008846106106094
31.3374 0.008804331759203499
31.3873 0.00876280459124663
31.4372 0.00872152148657853
31.4871 0.008680479329554333
31.537000000000003 0.008639675004529175
31.5869 0.008599105395858193
31.6368 0.008558767395038778
31.686700000000002 0.008518658567451685
31.7366 0.008478777695652546
31.7865 0.008439123690052718
31.836399999999998 0.008399695461063571
31.886300000000002 0.008360491919096465
31.936200000000003 0.00832151197456277
31.9861 0.00828275453787385
32.036 0.008244218519441064
32.085899999999995 0.008205902829675787
32.1358 0.008167806378989364
32.185700000000004 0.008129928077793178
32.2356 0.008092266836498593
32.2855 0.008054821565516962
32.3354 0.008017591175259653
32.3853 0.007980574576138036
32.4352 0.007943770678563469
32.4851 0.007907178392947321
32.535000000000004 0.007870796629700956
32.5849 0.00783462429923574
32.6348 0.0077986603119630325
32.6847 0.007762903578294199
32.7346 0.007727353008640605
32.7845 0.007692007513413616
32.8344 0.007656866003024595
32.884299999999996 0.007621927387884913
32.9342 0.007587190578405923
32.9841 0.007552654484998996
33.034 0.007518318018075495
33.0839 0.007484180088046784
33.133799999999994 0.007450239605324235
33.1837 0.007416495480319196
33.2336 0.007382946623443046
33.283500000000004 0.007349591945107144
33.333400000000005 0.007316430355722857
33.3833 0.007283460765701551
33.4332 0.007250682085454584
33.4831 0.007218093225393323
33.533 0.007185693095929133
33.5829 0.007153480607473379
33.632799999999996 0.007121454670437429
33.6827 0.007089614195232639
33.7326 0.007057958092270379
33.7825 0.007026485271962012
33.8324 0.006995194644718903
33.882299999999994 0.006964085120952421
33.9322 0.006933155611073917
33.9821 0.006902405025494768
34.032000000000004 0.006871832274626335
34.081900000000005 0.006841436268879984
34.1318 0.00681121591866708
34.1817 0.006781170134398981
34.2316 0.006751297826487057
34.2815 0.00672159790534267
34.3314 0.006692069281377186
34.381299999999996 0.0066627108650019725
34.4312 0.0066335215666283864
34.4811 0.006604500296667797
34.531 0.006575645965531568
34.5809 0.006546957483631062
34.630799999999994 0.006518433761377651
34.6807 0.0064900737091826855
34.7306 0.0064618762374575416
34.7805 0.006433840256613582
34.830400000000004 0.006405964677062169
34.8803 0.00637824840921467
34.9302 0.006350690363482445
34.9801 0.006323289450276859
35.03 0.006296044580009279
35.0799 0.006268954663091068
35.129799999999996 0.006242018609933595
35.1797 0.006215235330948216
35.2296 0.0061886037365463005
35.2795 0.006162122737139213
35.3294 0.006135791243138317
35.37929999999999 0.006109608164954979
35.4292 0.006083572413000556
35.4791 0.006057682897686421
35.529 0.00603193857504187
35.578900000000004 0.006006338605668139
35.6288 0.005980882207487691
35.6787 0.005955568598425807
35.7286 0.005930396996407779
35.7785 0.005905366619358896
35.8284 0.005880476685204446
35.878299999999996 0.005855726411869721
35.9282 0.005831115017280002
35.9781 0.005806641719360581
36.028 0.005782305736036747
36.0779 0.005758106285233787
36.1278 0.005734042584876991
36.1777 0.005710113852891647
36.2276 0.005686319307203044
36.2775 0.005662658165736468
36.327400000000004 0.005639129646417209
36.3773 0.00561573296717056
36.4272 0.005592467345921801
36.4771 0.005569332000596223
36.527 0.005546326149119117
36.5769 0.005523449009415769
36.626799999999996 0.005500699799411472
36.6767 0.005478077737031508
36.7266 0.0054555820402011675
36.7765 0.00543321192684574
36.8264 0.005410966614890513
36.8763 0.005388845322260776
36.9262 0.005366847266881816
36.9761 0.005344971666678923
37.026 0.005323217739577384
37.075900000000004 0.005301584703502487
37.1258 0.005280071776379526
37.1757 0.0052586781761337804
37.2256 0.005237403120690543
37.2755 0.005216245827975103
37.3254 0.005195205515912748
37.375299999999996 0.0051742814024287685
37.4252 0.005153472705448449
37.4751 0.005132778642897079
37.525 0.005112198432699947
37.5749 0.005091731292782342
37.6248 0.005071376441069553
37.6747 0.005051133095486867
37.7246 0.005031000473959574
37.7745 0.0050109777944129606
37.824400000000004 0.004991064274772316
37.8743 0.004971259132962932
37.9242 0.004951561586910091
37.9741 0.004931970854539084
38.024 0.0049124861537752
38.0739 0.004893106702543726
38.123799999999996 0.0048738317187699545
38.1737 0.004854660420379168
38.2236 0.004835592025296658
38.2735 0.004816625751447712
38.3234 0.004797760816757619
38.3733 0.004778996439151667
38.4232 0.004760331836555145
38.4731 0.0047417662268933415
38.523 0.004723298828091544
38.572900000000004 0.004704928858075041
38.6228 0.0046866555347691245
38.6727 0.004668478076099078
38.7226 0.00465039569999019
38.7725 0.004632407624367751
38.8224 0.004614513067157049
38.872299999999996 0.0045967112462833755
38.9222 0.004579001379672012
38.9721 0.004561382685248251
39.022 0.0045438543809373805
39.0719 0.0045264156846646884
39.1218 0.004509065814355465
39.1717 0.004491803987934996
39.2216 0.004474629423328571
39.2715 0.004457541338461479
39.321400000000004 0.004440538951259008
39.3713 0.004423621479646448
39.4212 0.004406788141549084
39.4711 0.004390038154892206
39.521 0.004373370737601102
39.5709 0.004356785107601062
39.620799999999996 0.004340280482817375
39.6707 0.004323856081175324
39.7206 0.0043075111206002025
39.7705 0.004291244819017297
39.8204 0.004275056394850965
39.8703 0.004258945189826141
39.9202 0.004242910829902064
39.9701 0.004226952980953427
40.02 0.00421107130885493
40.069900000000004 0.004195265479481266
40.1198 0.0041795351587071376
40.1697 0.004163880012407235
40.2196 0.0041482997064562575
40.2695 0.0041327939067289
40.3194 0.004117362279099862
40.369299999999996 0.004102004489443842
40.4192 0.00408672020363553
40.4691 0.004071509087549626
40.519 0.004056370807060826
40.568900000000006 0.004041305028043826
40.6188 0.0040263114163733285
40.6687 0.004011389637924023
40.7186 0.003996539358570609
40.7685 0.003981760244187783
40.818400000000004 0.003967051960650242
40.8683 0.003952414173832683
40.9182 0.0039378465496098
40.9681 0.003923348753856291
41.018 0.003908920452446854
41.0679 0.0038945613112561835
41.117799999999995 0.00388027099615898
41.167699999999996 0.003866049173029935
41.2176 0.003851895507743748
41.2675 0.0038378096661751144
41.317400000000006 0.00382379131419873
41.3673 0.0038098401176892968
41.4172 0.003795955742521506
41.4671 0.003782137854570055
41.517 0.0037683861197096422
41.566900000000004 0.003754700203814963
41.6168 0.003741079772760716
41.6667 0.0037275244924215942
41.7166 0.003714034028672297
41.7665 0.0037006080473875195
41.8164 0.003687246214441959
41.866299999999995 0.0036739481957103145
41.916199999999996 0.003660713657067278
41.9661 0.0036475422643875485
42.016 0.0036344336835458227
42.065900000000006 0.0036213875804167956
42.1158 0.0036084036208751686
42.1657 0.003595481470795633
42.2156 0.003582620796052888
42.2655 0.0035698212625216294
42.315400000000004 0.0035570825360765543
42.3653 0.003544404282592361
42.4152 0.003531786167943742
42.4651 0.003519227858005397
42.515 0.0035067290186520214
42.5649 0.003494289315758312
42.614799999999995 0.0034819084151989682
42.664699999999996 0.003469585982848682
42.7146 0.003457321684582152
42.7645 0.0034451151862740755
42.814400000000006 0.0034329661537991466
42.8643 0.0034208742530320675
42.9142 0.0034088391498475292
42.9641 0.0033968605101202306
43.014 0.0033849379997248686
43.063900000000004 0.0033730712845361386
43.1138 0.0033612600304287403
43.1637 0.0033495039032773663
43.2136 0.003337802568956715
43.2635 0.0033261556933414827
43.3134 0.0033145629423063662
43.363299999999995 0.0033030239817260646
43.413199999999996 0.00329153847747527
43.4631 0.003280106095428681
43.513 0.0032687265014609947
43.562900000000006 0.003257399361446906
43.6128 0.003246124341261116
43.6627 0.003234901106778317
43.7126 0.0032237293238732067
43.7625 0.0032126086584204822
43.812400000000004 0.00320153877629484
43.8623 0.0031905193433709777
43.9122 0.00317955002552359
43.9621 0.0031686304886273738
44.012 0.0031577603985570267
44.0619 0.0031469394211872444
44.111799999999995 0.0031361672223927262
44.161699999999996 0.0031254434680481648
44.2116 0.003114767824028259
44.2615 0.0031041399562077047
44.311400000000006 0.0030935595304611976
44.3613 0.0030830262126634385
44.4112 0.0030725396686891197
44.4611 0.0030620995644129395
44.511 0.0030517055657095942
44.560900000000004 0.0030413573384537804
44.6108 0.0030310545485201963
44.6607 0.003020796861783536
44.7106 0.003010583959838709
44.7605 0.0030004156223363654
44.8104 0.0029902916666662625
44.860299999999995 0.002980211910297262
44.910199999999996 0.0029701761706982213
44.9601 0.0029601842653380027
45.01 0.0029502360116854666
45.059900000000006 0.002940331227209472
45.1098 0.002930469729378884
45.1597 0.002920651335662558
45.2096 0.0029108758635293564
45.2595 0.0029011431304481403
45.309400000000004 0.002891452953887769
45.3593 0.002881805151317106
45.4092 0.0028721995402050072
45.4591 0.002862635938020336
45.509 0.002853114162231952
45.5589 0.002843634030308716
45.608799999999995 0.0028341953597194897
45.658699999999996 0.0028247979679331316
45.7086 0.0028154416724185025
45.7585 0.0028061262906444637
45.808400000000006 0.002796851640079874
45.8583 0.0027876175381935982
45.9082 0.0027784238024544925
45.9581 0.0027692702503314187
46.008 0.0027601566992932376
46.057900000000004 0.0027510829668088094
46.1078 0.0027420488703469963
46.1577 0.002733054227376656
46.2076 0.0027240988553666502
46.2575 0.002715182571785839
46.3074 0.0027063051941030843
46.357299999999995 0.002697466539787246
46.407199999999996 0.0026886664263071837
46.4571 0.0026799046711317586
46.507 0.0026711810917298307
46.556900000000006 0.0026624955055702597
46.6068 0.00265384773012191
46.6567 0.002645237582853638
46.7066 0.002636664881234306
46.7565 0.002628129442732774
46.806400000000004 0.002619631084817902
46.8563 0.002611169624958553
46.9062 0.0026027448806235846
46.9561 0.002594356669281858
47.006 0.0025860048084022343
47.0559 0.0025776891154535735
47.105799999999995 0.0025694094079047377
47.155699999999996 0.002561165503224585
47.2056 0.002552957218881977
47.255500000000005 0.0025447843723457727
47.305400000000006 0.0025366467810848357
47.3553 0.002528544262568026
47.4052 0.0025204766342642017
47.4551 0.0025124437136422244
47.505 0.0025044453181709554
47.5549 0.002496481265319254
47.6048 0.002488551372555983
47.6547 0.00248065545735
47.7046 0.0024727933371701664
47.7545 0.0024649648294853433
47.8044 0.002457169751764391
47.854299999999995 0.002449407921476171
47.904199999999996 0.002441679156089542
47.9541 0.002433983273073365
48.004000000000005 0.002426320089896499
48.053900000000006 0.0024186894240278084
48.1038 0.0024110910929361525
48.1537 0.0024035249140903895
48.2036 0.0023959907049593814
48.2535 0.0023884882830119887
48.3034 0.0023810174657170717
48.3533 0.0023735780705434924
48.4032 0.0023661699149601085
48.4531 0.002358792816435782
48.503 0.0023514465924393733
48.5529 0.0023441310604397432
48.602799999999995 0.002336846037905753
48.652699999999996 0.002329591342306261
48.7026 0.0023223667911101285
48.752500000000005 0.0023151722017862157
48.802400000000006 0.002308007391803385
48.8523 0.002300872178630496
48.9022 0.0022937663797364086
48.9521 0.002286689812589983
49.002 0.0022796422946600808
49.0519 0.002272623643415562
49.1018 0.002265633676325288
49.1517 0.002258672210858117
49.2016 0.002251739064482911
49.2515 0.002244834054668531
49.3014 0.0022379569988838365
49.351299999999995 0.0022311077145976896
49.401199999999996 0.002224286019278949
49.4511 0.002217491730396475
49.501000000000005 0.0022107246654191285
49.550900000000006 0.0022039846418157715
49.6008 0.002197271477055264
49.6507 0.0021905849886064655
49.7006 0.0021839249939382367
49.7505 0.0021772913105194383
49.8004 0.002170683755818931
49.8503 0.002164102147305576
49.9002 0.0021575463024482325
49.9501 0.002151016038715761
50 0.0021445111735770225
