0.1 8000.4
0.1499 4852.351979705672
0.1998 3195.9361403843354
0.2497 2216.2356527326333
0.2996 1607.2827043466716
0.34950000000000003 1209.7560494027007
0.3994 937.3852692206372
0.44930000000000003 744.2803597967821
0.4992 601.9853938091092
0.5490999999999999 494.9132899240858
0.599 412.93317051189763
0.6488999999999999 348.8256388114531
0.6988 297.67068549165964
0.7486999999999999 256.3722506143828
0.7986 222.6275878757185
0.8485 194.63601581183175
0.8984 171.28078322038036
0.9482999999999999 151.65565614848305
0.9981999999999999 135.06046189428304
1.0481 120.87488670364208
1.098 108.68595026888136
1.1479 98.14176815173036
1.1978 88.96098272238032
1.2477 80.92934336647284
1.2976 73.84376491757868
1.3475000000000001 67.56917419699552
1.3974 62.003132144862676
1.4473 57.045395317884946
1.4972 52.61644775728929
1.5471 48.64908782125752
1.5970000000000002 45.07635534712169
1.6469 41.84159483988285
1.6968 38.908581980328805
1.7467000000000001 36.243499266583235
1.7966 33.8126648599203
1.8465 31.588876284017296
1.8963999999999999 29.55412047886044
1.9463000000000001 27.691082890011444
1.9962000000000002 25.98244896891143
2.0461 24.411961431712232
2.096 22.967369390204894
2.1459 21.63737079075172
2.1957999999999998 20.410663579715035
2.2457 19.275948125314308
2.2956 18.22321585047823
2.3455 17.245871121394327
2.3954 16.337875780393524
2.4453 15.493191669806745
2.4952 14.705780631964911
2.5451 13.969752660848217
2.595 13.280948390442594
2.6449000000000003 12.636328987351451
2.6948 12.032874473834486
2.7447 11.467564872151373
2.7946 10.93738020456181
2.8445 10.439328374846225
2.8944 9.970994152540326
2.9442999999999997 9.530505508559749
2.9941999999999998 9.116011554833772
3.0441 8.725661403291692
3.0940000000000003 8.357604165862794
3.1439000000000004 8.009988954476375
3.1938 7.681004837937674
3.2437 7.369370555655856
3.2936 7.074180299449168
3.3435 6.794536224807276
3.3934 6.5295404872198475
3.4433 6.278295242176551
3.4932 6.03990264516705
3.5431 5.8134648516810135
3.593 5.598128303615404
3.6429 5.393279124810235
3.6927999999999996 5.198384150371787
3.7426999999999997 5.012910276562671
3.7926 4.836324399645502
3.8425000000000002 4.668093415882893
3.8924000000000003 4.507684221537458
3.9423 4.354563712871812
3.9922 4.208199282067784
4.0421 4.068138643632833
4.092 3.934097843684789
4.1419 3.8058141088889252
4.1918 3.683024665910513
4.2417 3.5654667414148244
4.291599999999999 3.4528775620671333
4.3415 3.3449943545327043
4.391399999999999 3.2415543454768176
4.4413 3.142294761564737
4.491199999999999 3.0469552492341436
4.541099999999999 2.955334099549506
4.590999999999999 2.8672899589573215
4.640899999999999 2.7826842359162147
4.690799999999999 2.70137833888481
4.7406999999999995 2.623233676321733
4.7905999999999995 2.5481116566856077
4.8405 2.475873688435059
4.8904 2.4063811800287116
4.9403 2.3394955399251893
4.9902 2.2750781765831185
5.040099999999999 2.212992243872195
5.09 2.153130990925299
5.139899999999999 2.095413054318975
5.1898 2.0397578659272333
5.239699999999999 1.9860848576240926
5.289599999999999 1.9343134612835642
5.339499999999999 1.884363108779664
5.389399999999999 1.8361532319864062
5.4393 1.7896032627778045
5.489199999999999 1.744632633027876
5.5390999999999995 1.7011607746106325
5.5889999999999995 1.6591071194000895
5.6389 1.6183913124405862
5.6888 1.5789481588073204
5.7387 1.5407374361821866
5.788599999999999 1.5037212525210268
5.8385 1.4678617157796803
5.888399999999999 1.4331209339139908
5.9383 1.399461014879797
5.988199999999999 1.3668440666329427
6.038099999999999 1.335232197129267
6.088 1.3045875143246115
6.137899999999999 1.2748721261748188
6.1878 1.2460481406357282
6.237699999999999 1.2180776656631829
6.287599999999999 1.1909228092130226
6.3374999999999995 1.164546190950692
6.3873999999999995 1.1389194792765662
6.4373 1.1140220968936192
6.4872 1.0898337173923107
6.537099999999999 1.0663340143631015
6.587 1.0435026613964504
6.636899999999999 1.021319332082819
6.6868 0.9997637000126662
6.736699999999999 0.9788154387764533
6.786599999999999 0.9584542219646391
6.8365 0.9386597231676841
6.886399999999999 0.9194116159760493
6.9363 0.9006895739801933
6.986199999999999 0.8824732707705777
7.036099999999999 0.8647423799376615
7.085999999999999 0.8474765785394455
7.1358999999999995 0.8306577950274254
7.1857999999999995 0.8142740839594675
7.2357 0.7983145320620157
7.285599999999999 0.7827682260615147
7.3355 0.7676242526844079
7.385399999999999 0.7528716986571403
7.4353 0.7384996507061552
7.4852 0.7244971955578975
7.535099999999999 0.7108534199388113
7.585 0.6975574105753404
7.634899999999999 0.6845982541939295
7.6848 0.6719650375210222
7.734699999999999 0.6596468472830634
7.784599999999999 0.6476327702064967
7.834499999999999 0.6359118930177665
7.884399999999999 0.6244733024433169
7.9342999999999995 0.6133060852095922
7.9841999999999995 0.60239978308412
8.034099999999999 0.5917470966254292
8.084 0.5813420660202683
8.133899999999999 0.5711787363038958
8.1838 0.561251152511569
8.233699999999999 0.5515533596785465
8.2836 0.5420794028400855
8.333499999999999 0.5328233270314447
8.3834 0.5237791772878815
8.4333 0.5149409986446543
8.483199999999998 0.5063028361370208
8.5331 0.49785873480023857
8.583 0.48960273966956597
8.6329 0.48152889578026115
8.682799999999999 0.47363124816758184
8.732699999999998 0.46590384186678585
8.7826 0.4583407219131307
8.8325 0.45093593334187543
8.882399999999999 0.4436835211882773
8.9323 0.43657756653064383
8.982199999999999 0.429613578534825
9.0321 0.42278893722499283
9.081999999999999 0.41610114925206626
9.1319 0.40954772126696326
9.181799999999999 0.40312615992060274
9.231699999999998 0.3968339718639029
9.2816 0.3906686637477819
9.3315 0.38462774222315854
9.3814 0.3787087139409514
9.431299999999998 0.3729090855520787
9.4812 0.36722636370745865
9.5311 0.36165805505801
9.581 0.35620166625465133
9.630899999999999 0.3508547039483009
9.6808 0.34561467478987684
9.730699999999999 0.34047908543029815
9.7806 0.3354454425204828
9.830499999999999 0.3305112527113496
9.8804 0.3256740226538168
9.930299999999999 0.3209312589988029
9.980199999999998 0.3162804683972264
10.0301 0.31171918776243795
10.08 0.3072454011228363
10.1299 0.3028574338044066
10.179799999999998 0.29855361974703526
10.2297 0.29433229289060875
10.2796 0.29019178717501387
10.3295 0.28613043654013737
10.379399999999999 0.2821465749258658
10.4293 0.27823853627208567
10.479199999999999 0.27440465451868384
10.5291 0.2706432636055467
10.578999999999999 0.2669526974725612
10.6289 0.2633312900596136
10.678799999999999 0.25977737530659084
10.728699999999998 0.2562892871533795
10.7786 0.2528653595398659
10.8285 0.24950392640593722
10.8784 0.2462033216914798
10.928299999999998 0.24296187933638025
10.9782 0.2397779332805252
11.0281 0.23664981746380132
11.078 0.2335758658260954
11.127899999999999 0.23055441230729395
11.1778 0.2275837908472835
11.227699999999999 0.22466233596839869
11.2776 0.22178862367361415
11.327499999999999 0.21896184314937558
11.3774 0.21618127946083907
11.427299999999999 0.21344621767316108
11.477199999999998 0.21075594285149787
11.5271 0.20810974006100552
11.577 0.2055068943668407
11.6269 0.20294669083415953
11.676799999999998 0.2004284145281183
11.7267 0.19795135051387322
11.7766 0.1955147838565807
11.8265 0.1931179996213971
11.876399999999999 0.19076028287347865
11.9263 0.18844091867798154
11.976199999999999 0.18615919210006227
12.0261 0.18391438820487693
12.076 0.18170579205758192
12.1259 0.17953268872333364
12.175799999999999 0.17739436326728827
12.225699999999998 0.17529010075460216
12.2756 0.1732191862504314
12.3255 0.17118090481993262
12.375399999999999 0.16917454152826195
12.425299999999998 0.16719938144057572
12.4752 0.16525470962203015
12.5251 0.16333981113778157
12.575 0.16145397105298637
12.624899999999998 0.15959649444989765
12.6748 0.157766879604611
12.724699999999999 0.15596473292552562
12.7746 0.15418966200818024
12.8245 0.15244127444811378
12.8744 0.15071917784086517
12.924299999999999 0.14902297978197313
12.974199999999998 0.14735228786697654
13.0241 0.14570670969141414
13.074 0.144085852850825
13.123899999999999 0.14248932494074787
13.173799999999998 0.14091673355672157
13.2237 0.1393676862942849
13.2736 0.13784179074897673
13.3235 0.136338654516336
13.373399999999998 0.1348578851919015
13.4233 0.133399090371212
13.473199999999999 0.1319618776498065
13.5231 0.13054585462322366
13.573 0.12915062888700246
13.6229 0.12777580803668176
13.672799999999999 0.12642099966780035
13.722699999999998 0.12508581137589708
13.7726 0.12376985075651069
13.8225 0.12247272540518024
13.872399999999999 0.12119404291744448
13.922299999999998 0.11993341088884224
13.972199999999999 0.11869043691491232
14.0221 0.11746472859119364
14.072 0.11625589351322507
14.1219 0.11506353927654536
14.1718 0.1138872984781901
14.221699999999998 0.11272692425961857
14.2716 0.11158220604571711
14.3215 0.11045293326863842
14.3714 0.10933889536053519
14.421299999999999 0.10823988175356004
14.471199999999998 0.10715568187986566
14.5211 0.10608608517160462
14.571 0.10503088106092973
14.620899999999999 0.10398985897999358
14.670799999999998 0.10296280836094884
14.720699999999999 0.10194951863594813
14.7706 0.10094977923714415
14.8205 0.0999633795966896
14.8704 0.09899010914673709
14.9203 0.09802975731943932
14.970199999999998 0.09708211354694893
15.0201 0.09614696726141855
15.07 0.0952241078950009
15.1199 0.09431332487984864
15.169799999999999 0.09341440764811441
15.219699999999998 0.0925271456319509
15.2696 0.09165132826351066
15.3195 0.09078674497494654
15.369399999999999 0.08993318519841109
15.4193 0.08909043836605696
15.469199999999999 0.08825829391003687
15.5191 0.08743654126250344
15.568999999999999 0.08662496985560937
15.6189 0.08582336912150727
15.6688 0.08503152849234988
15.718699999999998 0.0842492374002898
15.7686 0.0834762852774797
15.8185 0.08271246155607226
15.8684 0.0819575568218045
15.918299999999999 0.08121140962889564
15.968199999999998 0.08047392271367373
16.0181 0.07974500329520816
16.068 0.07902455859256846
16.117900000000002 0.07831249582482404
16.1678 0.07760872221104437
16.2177 0.07691314497029883
16.2676 0.07622567132165688
16.317500000000003 0.07554620848418797
16.3674 0.0748746636769616
16.4173 0.07421094411904712
16.467200000000002 0.07355495702951399
16.5171 0.07290660962743173
16.567 0.07226580913186967
16.616899999999998 0.07163246276189736
16.666800000000002 0.07100647773658408
16.716700000000003 0.07038776127499943
16.7666 0.06977622059621284
16.8165 0.06917176291929367
16.8664 0.06857429546331144
16.9163 0.06798372544733551
16.9662 0.06739996009043538
17.0161 0.06682290661168046
17.066000000000003 0.06625247223014022
17.1159 0.06568856416488413
17.1658 0.06513108963498154
17.215700000000002 0.06457995585950196
17.2656 0.06403507005751485
17.3155 0.06349633944808958
17.365399999999998 0.06296367125029567
17.415300000000002 0.06243697268320243
17.465200000000003 0.06191615096587945
17.5151 0.061401113317396144
17.565 0.060891766956821886
17.6149 0.06038801910322619
17.6648 0.059889776975678426
17.7147 0.05939694779324808
17.7646 0.05890943877500458
17.814500000000002 0.05842715879380461
17.8644 0.057950038645201866
17.9143 0.05747802466446337
17.9642 0.057011063516467037
18.0141 0.05654910186609081
18.064 0.0560920863782125
18.1139 0.05563996371771006
18.163800000000002 0.05519268054946136
18.213700000000003 0.05475018353834431
18.2636 0.05431241934923682
18.3135 0.05387933464701673
18.3634 0.053450876096562
18.4133 0.053026990362750465
18.4632 0.05260762411046005
18.5131 0.05219272400456863
18.563000000000002 0.051782236709954126
18.6129 0.05137610889149445
18.6628 0.05097428721406743
18.7127 0.05057671834255101
18.7626 0.05018334894182309
18.8125 0.049794125676761516
18.8624 0.04940899521224422
18.912300000000002 0.04902790421314909
18.962200000000003 0.04865079934435401
19.0121 0.04827762727073692
19.062 0.04790833465717565
19.1119 0.04754286816854815
19.1618 0.04718117446973226
19.2117 0.046823200225605904
19.2616 0.04646889210104697
19.311500000000002 0.04611819676093336
19.3614 0.04577106087014298
19.4113 0.0454274310935537
19.4612 0.04508725409604341
19.5111 0.04475047654249005
19.561 0.04441704509777145
19.6109 0.04408690642676555
19.660800000000002 0.04376000719435022
19.710700000000003 0.04343629406540337
19.7606 0.04311571370480292
19.8105 0.0427982127774267
19.8604 0.04248373794815267
19.9103 0.04217223588185867
19.9602 0.041863653258116244
20.0101 0.041557944026642216
20.060000000000002 0.041255081135828764
20.1099 0.04095504059896077
20.1598 0.04065779842932304
20.2097 0.04036333064020045
20.2596 0.040071613244877874
20.3095 0.039782622256640136
20.3594 0.039496333688772096
20.4093 0.03921272355455861
20.459200000000003 0.03893176786728455
20.5091 0.03865344264023477
20.559 0.038377723886694096
20.6089 0.038104587619947415
20.6588 0.037834009853279546
20.708700000000004 0.03756596659997534
20.7586 0.037300433873319716
20.808500000000002 0.037037387686597464
20.8584 0.03677680405309348
20.9083 0.03651865898609258
20.9582 0.03626292849887963
21.0081 0.03600958860473952
21.058 0.03575861531695705
21.1079 0.0355099846488171
21.1578 0.035263672613604524
21.207700000000003 0.03501965522460418
21.2576 0.034777908495100936
21.3075 0.03453840843837961
21.3574 0.03430113106772509
21.4073 0.0340660523964222
21.457200000000004 0.0338331484377558
21.5071 0.03360239520501078
21.557000000000002 0.03337376871147195
21.6069 0.033147244970424206
21.6568 0.03292279999515236
21.7067 0.03270040979894129
21.7566 0.03248005039507586
21.8065 0.032261697796840884
21.8564 0.03204532801752125
21.9063 0.03183091707040181
21.956200000000003 0.03161844096876741
22.0061 0.03140787572590292
22.056 0.031199197355093175
22.1059 0.030992381869623047
22.1558 0.03078740528277736
22.205700000000004 0.030584243607840983
22.2556 0.0303828728580988
22.305500000000002 0.030183269046835624
22.3554 0.029985408187336342
22.4053 0.02978926637304693
22.4552 0.029594823525963425
22.5051 0.029402064997958725
22.555 0.029210976553641278
22.6049 0.02902154395761958
22.6548 0.02883375297450211
22.704700000000003 0.028647589368897355
22.7546 0.0284630389054138
22.8045 0.028280087348659905
22.8544 0.028098720463244173
22.9043 0.027918924013775062
22.954200000000004 0.027740683764861048
23.0041 0.027563985481110657
23.054000000000002 0.027388814927132323
23.1039 0.02721515786753456
23.1538 0.027043000066925817
23.2037 0.026872327289914587
23.2536 0.026703125301109368
23.3035 0.026535379865118613
23.3534 0.026369076746550816
23.4033 0.026204201710014457
23.453200000000002 0.026040740520118014
23.5031 0.02587867894146998
23.553 0.025718002738678816
23.602899999999998 0.025558697676353024
23.6528 0.025400749519101058
23.702700000000004 0.025244144031531402
23.7526 0.02508886697825257
23.802500000000002 0.02493490412387301
23.8524 0.024782241233001222
23.9023 0.024630864070245666
23.9522 0.024480758400214835
24.0021 0.024331909987517216
24.052000000000003 0.024184304596761262
24.1019 0.024037927992555493
24.1518 0.02389276593950836
24.201700000000002 0.023748804202228354
24.2516 0.02360602854532396
24.3015 0.023464424733403648
24.351399999999998 0.02332397853107591
24.4013 0.023184675702949215
24.451200000000004 0.023046502013632033
24.5011 0.022909443227732883
24.551000000000002 0.022773485109860214
24.6009 0.022638613424622523
24.6508 0.022504813936628273
24.7007 0.022372072410485958
24.7506 0.02224037461080406
24.800500000000003 0.022109706302191036
24.8504 0.021980053249255404
24.9003 0.02185140121660562
24.950200000000002 0.021723735968850164
25.0001 0.021597043270597534
25.05 0.02147130888645619
25.099899999999998 0.021346518581034632
25.1498 0.021222658430996466
25.199700000000004 0.02109971887784631
25.2496 0.020977693573956242
25.299500000000002 0.020856576246116518
25.3494 0.020736360621117434
25.3993 0.02061704042574925
25.4492 0.020498609386802265
25.4991 0.02038106123106676
25.549000000000003 0.020264389685332986
25.5989 0.020148588476391265
25.6488 0.020033651331031847
25.698700000000002 0.019919571976045027
25.7486 0.019806344138221084
25.7985 0.019693961544350286
25.848399999999998 0.019582417921222936
25.8983 0.019471706995629286
25.948200000000003 0.019361822494359627
25.9981 0.019252758144204254
26.048000000000002 0.019144507671953432
26.0979 0.01903706480439745
26.1478 0.018930423268326578
26.1977 0.018824576790531098
26.2476 0.018719519097801306
26.297500000000003 0.01861524391692745
26.3474 0.01851174497469985
26.3973 0.018409015997908756
26.447200000000002 0.018307050713344458
26.4971 0.018205842847797245
26.547 0.01810538612805738
26.596899999999998 0.018005674280915162
26.6468 0.017906701033160853
26.696700000000003 0.017808460111584733
26.7466 0.017710945242977106
26.7965 0.01761415015412823
26.8464 0.0175180685718284
26.8963 0.01742269422286788
26.9462 0.017328020834036957
26.9961 0.017234042132125923
27.046000000000003 0.01714075184392503
27.0959 0.017048143696224594
27.1458 0.016956211415814867
27.195700000000002 0.016864948729486143
27.2456 0.016774349364028704
27.2955 0.01668440704623282
27.345399999999998 0.01659511550288878
27.395300000000002 0.01650646846078685
27.445200000000003 0.016418459646717325
27.4951 0.01633108278747049
27.545 0.016244331609836606
27.5949 0.016158199840605972
27.6448 0.01607268120656885
27.6947 0.01598776943451553
27.7446 0.0159034582512363
27.794500000000003 0.01581974138352142
27.8444 0.015736612558161195
27.8943 0.015654065501945886
27.944200000000002 0.015572093941665779
27.9941 0.01549069160411116
28.044 0.015409852216072299
28.093899999999998 0.015329569504339488
28.143800000000002 0.015249837195702987
28.193700000000003 0.015170649020299125
28.2436 0.015091999471043534
28.2935 0.015013884769727516
28.3434 0.014936301376315412
28.3933 0.014859245750771546
28.4432 0.014782714353060254
28.4931 0.014706703643145871
28.543000000000003 0.014631210080992716
28.5929 0.01455623012656514
28.6428 0.014481760239827461
28.692700000000002 0.014407796880744013
28.7426 0.014334336509279136
28.7925 0.01426137558539715
28.842399999999998 0.014188910569062397
28.892300000000002 0.014116937920239193
28.942200000000003 0.014045454098891887
28.9921 0.013974455564984807
29.042 0.01390393877848228
29.0919 0.013833900199348643
29.1418 0.01376433628754822
29.1917 0.013695243503045348
29.2416 0.013626618305804365
29.291500000000003 0.013558457155789584
29.3414 0.013490756512965357
29.3913 0.013423512837296005
29.441200000000002 0.013356722588745864
29.4911 0.013290382227279266
29.541 0.013224488212860538
29.590899999999998 0.01315903700545402
29.640800000000002 0.013094025065024028
29.690700000000003 0.01302944885153491
29.7406 0.012965304824950997
29.7905 0.01290158944523661
29.8404 0.012838299172356092
29.8903 0.012775430466273763
29.9402 0.012712979786953965
29.990099999999998 0.012650943594361027
30.040000000000003 0.012589318348459274
30.0899 0.01252810050921305
30.1398 0.012467286536586679
30.189700000000002 0.012406872890544492
30.2396 0.012346856031050828
30.2895 0.012287232418070008
30.339399999999998 0.012227998511566376
30.389300000000002 0.012169150771504248
30.439200000000003 0.01211068565784797
30.4891 0.012052599630561872
30.539 0.011994889149610279
30.5889 0.01193755067495753
30.6388 0.01188058066656795
30.6887 0.011823975584405875
30.7386 0.011767731888435634
30.788500000000003 0.011711846038621562
30.8384 0.011656314494927992
30.8883 0.01160113371731925
30.938200000000002 0.011546300165759672
30.9881 0.011491810300213592
31.038 0.011437660580645334
31.087899999999998 0.011383847467019238
31.137800000000002 0.011330367419299625
31.187700000000003 0.011277216897450839
31.2376 0.01122439236143721
31.2875 0.011171890271223062
31.3374 0.011119707086772734
31.3873 0.011067839268050553
31.4372 0.011016283275020852
31.4871 0.010965035567647963
31.537000000000003 0.010914092605896219
31.5869 0.010863450849729957
31.6368 0.010813106766110763
31.686700000000002 0.010763057482202992
31.7366 0.01071330131763583
31.7865 0.010663836717298567
31.836399999999998 0.01061466212608051
31.886300000000002 0.010565775988870946
31.936200000000003 0.010517176750559187
31.9861 0.010468862856034529
32.036 0.010420832750186267
32.085899999999995 0.010373084877903707
32.1358 0.010325617684076131
32.185700000000004 0.010278429613592857
32.2356 0.010231519111343184
32.2855 0.010184884622216396
32.3354 0.010138524591101802
32.3853 0.010092437462888699
32.4352 0.010046621682466384
32.4851 0.01000107569472416
32.535000000000004 0.009955797944551323
32.5849 0.00991078687683718
32.6348 0.009866040936471017
32.6847 0.009821558568342138
32.7346 0.009777338217339846
32.7845 0.009733378328353436
32.8344 0.009689677346272206
32.884299999999996 0.009646233715985466
32.9342 0.009603045882382498
32.9841 0.009560112290352609
33.034 0.0095174313847851
33.0839 0.009475001610569267
33.133799999999994 0.009432821412594418
33.1837 0.00939088923574983
33.2336 0.009349203524924823
33.283500000000004 0.00930776272500869
33.333400000000005 0.009266565280890728
33.3833 0.009225609637460244
33.4332 0.009184894239606523
33.4831 0.009144417532218873
33.533 0.00910417796018659
33.5829 0.009064173968398974
33.632799999999996 0.009024404001745331
33.6827 0.008984866505114947
33.7326 0.008945559923397128
33.7825 0.008906482701481172
33.8324 0.008867633284256379
33.882299999999994 0.00882901011661205
33.9322 0.008790611643437474
33.9821 0.008752436309621959
34.032000000000004 0.008714482560054804
34.081900000000005 0.008676748839625308
34.1318 0.008639233593222771
34.1817 0.008601935265736486
34.2316 0.008564852302055753
34.2815 0.008527983147069877
34.3314 0.00849132624566815
34.381299999999996 0.00845488004273988
34.4312 0.008418642983174357
34.4811 0.00838261351186088
34.531 0.008346790073688755
34.5809 0.008311171113547275
34.630799999999994 0.008275755076325747
34.6807 0.008240540406913455
34.7306 0.008205525550199712
34.7805 0.008170708951073812
34.830400000000004 0.008136089054425054
34.8803 0.008101664305142742
34.9302 0.008067433148116167
34.9801 0.008033394028234631
35.03 0.007999545390387433
35.0799 0.007965885679463873
35.129799999999996 0.007932413340353254
35.1797 0.007899126817944864
35.2296 0.007866024557128011
35.2795 0.00783310500279199
35.3294 0.0078003665998261015
35.37929999999999 0.00776780779311965
35.4292 0.0077354270275619185
35.4791 0.007703222748042221
35.529 0.00767119349626995
35.578900000000004 0.007639338248140651
35.6288 0.007607656101209184
35.6787 0.007576146153036401
35.7286 0.007544807501183167
35.7785 0.0075136392432103415
35.8284 0.007482640476678786
35.878299999999996 0.0074518102991493656
35.9282 0.007421147808182932
35.9781 0.00739065210134035
36.028 0.0073603222761824795
36.0779 0.007330157430270183
36.1278 0.007300156661164318
36.1777 0.007270319066425747
36.2276 0.0072406437436153305
36.2775 0.0072111297902939285
36.327400000000004 0.007181776304022402
36.3773 0.007152582382361616
36.4272 0.007123547122872421
36.4771 0.007094669623115684
36.527 0.007065948980652263
36.5769 0.007037384293043021
36.626799999999996 0.007008974657848822
36.6767 0.006980719172630517
36.7266 0.0069526169349489715
36.7765 0.006924667042365047
36.8264 0.006896868592439603
36.8763 0.0068692206827335
36.9262 0.006841722410807599
36.9761 0.006814372874222759
37.026 0.006787171170539843
37.075900000000004 0.00676011639731971
37.1258 0.006733207652123225
37.1757 0.006706444032511241
37.2256 0.006679824636044621
37.2755 0.006653348560284227
37.3254 0.006627014902790919
37.375299999999996 0.006600822761125561
37.4252 0.006574771232849007
37.4751 0.00654885941552212
37.525 0.006523086406705761
37.5749 0.006497451303960791
37.6248 0.006471953204848071
37.6747 0.00644659120692846
37.7246 0.006421364407762819
37.7745 0.00639627190491201
37.824400000000004 0.0063713127959368916
37.8743 0.006346486178398329
37.9242 0.0063217911498571755
37.9741 0.006297226807874295
38.024 0.006272792250010548
38.0739 0.006248486573826794
38.123799999999996 0.006224308876883899
38.1737 0.006200258256742716
38.2236 0.006176333810964108
38.2735 0.006152534637108938
38.3234 0.006128859832738063
38.3733 0.006105308495412346
38.4232 0.006081879722692647
38.4731 0.006058572612139826
38.523 0.006035386261314744
38.572900000000004 0.0060123197677782615
38.6228 0.005989372229091242
38.6727 0.005966542742814541
38.7226 0.00594383040650902
38.7725 0.005921234317735541
38.8224 0.005898753574054965
38.872299999999996 0.005876387273028153
38.9222 0.005854134512215962
38.9721 0.005831994389179255
39.022 0.005809966001478892
39.0719 0.005788048446675734
39.1218 0.005766240822330642
39.1717 0.005744542226004476
39.2216 0.005722951755258095
39.2715 0.005701468507652362
39.321400000000004 0.005680091580748136
39.3713 0.005658820072106282
39.4212 0.005637653079287653
39.4711 0.005616589699853114
39.521 0.005595629031363524
39.5709 0.0055747701713797435
39.620799999999996 0.005554012217462638
39.6707 0.0055333542671730605
39.7206 0.005512795418071875
39.7705 0.005492334767719941
39.8204 0.005471971414214521
39.8703 0.005451704588176949
39.9202 0.0054315338257249855
39.9701 0.005411458705877729
40.02 0.005391478807654273
40.069900000000004 0.005371593710073716
40.1198 0.005351802992155157
40.1697 0.005332106232917686
40.2196 0.005312503011380402
40.2695 0.005292992906562403
40.3194 0.005273575497482784
40.369299999999996 0.005254250363160644
40.4192 0.005235017082615074
40.4691 0.005215875234865175
40.519 0.005196824398930041
40.568900000000006 0.0051778641538287665
40.6188 0.005158994078580456
40.6687 0.005140213752204197
40.7186 0.0051215227537190905
40.7685 0.005102920662144231
40.818400000000004 0.005084407056498716
40.8683 0.005065981515801644
40.9182 0.005047643619072106
40.9681 0.005029392945329202
41.018 0.005011229073592027
41.0679 0.004993151582879678
41.117799999999995 0.004975160052211255
41.167699999999996 0.004957254060605846
41.2176 0.004939433187082554
41.2675 0.004921697010660473
41.317400000000006 0.004904045110358698
41.3673 0.004886477065196331
41.4172 0.004868992454192464
41.4671 0.004851590856366193
41.517 0.004834271850736615
41.566900000000004 0.0048170350163228275
41.6168 0.004799879932143929
41.6667 0.004782806177219009
41.7166 0.00476581333056717
41.7665 0.004748900971207505
41.8164 0.004732068678159112
41.866299999999995 0.0047153160304410895
41.916199999999996 0.00469864260707253
41.9661 0.00468204798707253
42.016 0.004665531749460188
42.065900000000006 0.004649093473254597
42.1158 0.004632732737474861
42.1657 0.004616449121140069
42.2156 0.00460024220326932
42.2655 0.00458411156288171
42.315400000000004 0.004568056778996335
42.3653 0.0045520774306322944
42.4152 0.00453617309680868
42.4651 0.00452034335654459
42.515 0.004504587788859122
42.5649 0.00448890597277137
42.614799999999995 0.0044732974873004355
42.664699999999996 0.004457761911465408
42.7146 0.004442298824285387
42.7645 0.0044269078047794695
42.814400000000006 0.004411588431966749
42.8643 0.004396340284866329
42.9142 0.004381162942497298
42.9641 0.004366055983878756
43.014 0.0043510189880297985
43.063900000000004 0.004336051533969523
43.1138 0.004321153200717027
43.1637 0.004306323567291402
43.2136 0.004291562212711748
43.2635 0.0042768687159971605
43.3134 0.004262242656166737
43.363299999999995 0.0042476836122395745
43.413199999999996 0.004233191163234766
43.4631 0.0042187648881714095
43.513 0.004204404366068602
43.562900000000006 0.004190109175945437
43.6128 0.004175878896821018
43.6627 0.004161713107714434
43.7126 0.004147611387644785
43.7625 0.004133573315631167
43.812400000000004 0.004119598470692674
43.8623 0.0041056864318484085
43.9122 0.00409183677811746
43.9621 0.004078049088518927
44.012 0.004064322942071907
44.0619 0.004050657917795496
44.111799999999995 0.004037053594708791
44.161699999999996 0.004023509551830887
44.2116 0.00401002536818088
44.2615 0.003996600622777869
44.311400000000006 0.003983234894640945
44.3613 0.003969927762789213
44.4112 0.0039566788062417625
44.4611 0.003943487604017691
44.511 0.003930353735136097
44.560900000000004 0.003917276778616075
44.6108 0.0039042563134767242
44.6607 0.0038912919187371366
44.7106 0.003878383193878729
44.7605 0.003865529866017827
44.8104 0.0038527317113941128
44.860299999999995 0.003839988506350238
44.910199999999996 0.0038273000272288494
44.9601 0.003814666050372598
45.01 0.0038020863521241333
45.059900000000006 0.0037895607088261033
45.1098 0.0037770888968211625
45.1597 0.0037646706924519555
45.2096 0.003752305872061134
45.2595 0.0037399942119913467
45.309400000000004 0.0037277354885852446
45.3593 0.0037155294781854777
45.4092 0.0037033759571346928
45.4591 0.0036912747017755414
45.509 0.0036792254884506726
45.5589 0.003667228093502736
45.608799999999995 0.0036552822932743837
45.658699999999996 0.003643387864108261
45.7086 0.00363154458234702
45.7585 0.0036197522243333097
45.808400000000006 0.003608010566409778
45.8583 0.00359631938491908
45.9082 0.0035846784562038603
45.9581 0.0035730875566067693
46.008 0.003561546462470458
46.057900000000004 0.003550054950137575
46.1078 0.0035386127959507714
46.1577 0.0035272197762526943
46.2076 0.0035158756673859945
46.2575 0.003504580245693322
46.3074 0.003493333287517326
46.357299999999995 0.0034821345692006575
46.407199999999996 0.0034709838670859638
46.4571 0.0034598809575158954
46.507 0.003448825616833102
46.556900000000006 0.0034378176213802313
46.6068 0.0034268567474999385
46.6567 0.003415942771534868
46.7066 0.0034050754698276707
46.7565 0.003394254618720997
46.806400000000004 0.003383479994557496
46.8563 0.003372751373679818
46.9062 0.0033620685324306115
46.9561 0.003351431247152526
47.006 0.003340839294188212
47.0559 0.0033302924498803186
47.105799999999995 0.003319790490571497
47.155699999999996 0.003309333192604394
47.2056 0.0032989203323216605
47.255500000000005 0.003288551686065945
47.305400000000006 0.0032782270301798997
47.3553 0.0032679461410061745
47.4052 0.0032577087948874157
47.4551 0.0032475147681662745
47.505 0.003237363837185401
47.5549 0.0032272557782874437
47.6048 0.003217190367815055
47.6547 0.0032071673821108806
47.7046 0.003197186597517572
47.7545 0.0031872477903777787
47.8044 0.0031773507370341505
47.854299999999995 0.003167495213829338
47.904199999999996 0.0031576809971059884
47.9541 0.0031479078632067527
48.004000000000005 0.003138175588474279
48.053900000000006 0.0031284839492512198
48.1038 0.003118832721880224
48.1537 0.00310922168270394
48.2036 0.0030996506080650174
48.2535 0.003090119274306106
48.3034 0.0030806274577698557
48.3533 0.0030711749347989174
48.4032 0.003061761481735938
48.4531 0.003052386874923569
48.503 0.0030430508907044592
48.5529 0.0030337533054212583
48.602799999999995 0.0030244938954166176
48.652699999999996 0.003015272437033184
48.7026 0.0030060887066136084
48.752500000000005 0.002996942480500539
48.802400000000006 0.002987833535036628
48.8523 0.002978761646564525
48.9022 0.002969726591426877
48.9521 0.002960728145966335
49.002 0.0029517660865255486
49.0519 0.0029428401894471675
49.1018 0.002933950231073843
49.1517 0.0029250959877482213
49.2016 0.0029162772358129535
49.2515 0.002907493751610689
49.3014 0.002898745311484079
49.351299999999995 0.002890031691775772
49.401199999999996 0.0028813526688284165
49.4511 0.0028727080189846635
49.501000000000005 0.0028640975185871605
49.550900000000006 0.0028555209439785605
49.6008 0.002846978071501512
49.6507 0.0028384686774986637
49.7006 0.002829992538312665
49.7505 0.002821549430286166
49.8004 0.002813139129761817
49.8503 0.0028047614130822674
49.9002 0.002796416056590166
49.9501 0.0027881028366281623
50 0.0027798215295389067
